600 
2 5 0.16745 0.24731 0.15627 0.24873 0.10140 0.07885 
2 5 0.17260 0.18963 0.16894 0.29623 0.10241 0.07019 
2 5 0.15427 0.18129 0.12402 0.33164 0.13788 0.07090 
2 5 0.18739 0.15270 0.13657 0.35793 0.08869 0.07672 
2 5 0.19376 0.11353 0.15469 0.31358 0.15286 0.07158 
2 5 0.19465 0.21387 0.11557 0.29124 0.12311 0.06156 
2 5 0.20310 0.21641 0.13725 0.27015 0.11353 0.05955 
2 5 0.20310 0.21641 0.13725 0.27015 0.11353 0.05955 
2 5 0.12219 0.33133 0.05375 0.36263 0.06718 0.06291 
2 5 0.13218 0.22139 0.16835 0.30886 0.11662 0.05261 
2 5 0.10048 0.33734 0.25567 0.21009 0.04927 0.04714 
2 5 0.17553 0.16498 0.12961 0.29833 0.15729 0.07425 
2 5 0.17599 0.27762 0.14116 0.28484 0.09856 0.02184 
2 5 0.10845 0.25748 0.21664 0.28973 0.09077 0.03693 
2 5 0.07417 0.25475 0.28719 0.26446 0.08120 0.03822 
2 5 0.15022 0.24103 0.15546 0.27840 0.11566 0.05923 
2 5 0.17387 0.33547 0.14613 0.20320 0.11893 0.02240 
2 5 0.18061 0.25183 0.17149 0.24041 0.12584 0.02982 
2 5 0.16148 0.28023 0.18936 0.20782 0.12545 0.03566 
2 5 0.20424 0.26202 0.09366 0.22636 0.12751 0.08621 
2 5 0.13607 0.35443 0.16610 0.21344 0.10825 0.02172 
2 5 0.22175 0.47888 0.05600 0.13740 0.06007 0.04589 
2 5 0.18817 0.40301 0.11613 0.14774 0.13892 0.00602 
2 5 0.10628 0.30260 0.09004 0.30117 0.14067 0.05923 
2 5 0.15701 0.33550 0.01498 0.33500 0.01847 0.13904 
2 10 0.07661 0.09084 0.16826 0.07905 0.07559 0.08067 0.07905 0.16968 0.09104 0.01036 0.07885 
2 10 0.10739 0.06522 0.14851 0.04112 0.04191 0.12703 0.06496 0.23127 0.06207 0.04034 0.07019 
2 10 0.11316 0.04111 0.12794 0.05335 0.03603 0.08799 0.08291 0.24873 0.07968 0.05820 0.07090 
2 10 0.14195 0.04544 0.11678 0.03591 0.03078 0.10579 0.07745 0.28048 0.04740 0.04129 0.07672 
2 10 0.10671 0.06974 0.24384 0.08495 0.06791 0.07158 0.13660 0.05716 0.08626 0.02727 0.04798 
2 10 0.12336 0.07129 0.14501 0.06886 0.04501 0.07056 0.08467 0.20657 0.06642 0.05669 0.06156 
2 10 0.12176 0.08134 0.16074 0.05568 0.05447 0.08279 0.07746 0.19269 0.06536 0.04817 0.05955 
2 10 0.12176 0.08134 0.16074 0.05568 0.05447 0.08279 0.07746 0.19269 0.06536 0.04817 0.05955 
2 10 0.05248 0.06971 0.20013 0.13120 0.01138 0.04236 0.05880 0.30383 0.05944 0.00775 0.06291 
2 10 0.08045 0.05173 0.16265 0.05875 0.06883 0.09952 0.07365 0.23520 0.06883 0.04779 0.05261 
2 10 0.06072 0.03977 0.23162 0.10572 0.06925 0.18642 0.08089 0.12919 0.02134 0.02793 0.04714 
2 10 0.10918 0.06634 0.11116 0.05382 0.04108 0.08853 0.03581 0.26252 0.11599 0.04130 0.07425 
2 10 0.07040 0.10560 0.17762 0.10000 0.01155 0.12960 0.09928 0.18556 0.05704 0.04152 0.02184 
2 10 0.06554 0.04291 0.17009 0.08739 0.05176 0.16489 0.10429 0.18544 0.06190 0.02887 0.03693 
2 10 0.05517 0.01901 0.17376 0.08099 0.07376 0.21343 0.05930 0.20517 0.03512 0.04607 0.03822 
2 10 0.07661 0.07362 0.16200 0.07904 0.05045 0.10501 0.06670 0.21170 0.08389 0.03176 0.05923 
2 10 0.09867 0.07520 0.24987 0.08560 0.06027 0.08587 0.06320 0.14000 0.08933 0.02960 0.02240 
2 10 0.07775 0.10286 0.16905 0.08278 0.02617 0.14531 0.09099 0.14942 0.05691 0.06893 0.02982 
2 10 0.06046 0.10101 0.20782 0.07241 0.02353 0.16582 0.08255 0.12527 0.06191 0.06354 0.03566 
2 10 0.12661 0.07763 0.19364 0.06838 0.01377 0.07989 0.04604 0.18032 0.07673 0.05078 0.08621 
2 10 0.03139 0.10468 0.24160 0.11283 0.05395 0.11215 0.08297 0.13047 0.05684 0.05141 0.02172 
2 10 0.09081 0.13095 0.35579 0.12309 0.03060 0.02540 0.02709 0.11032 0.03256 0.02751 0.04589 
2 10 0.05849 0.08925 0.09871 0.04022 0.00602 0.05957 0.12860 0.31591 0.08710 0.04194 0.07419 
2 10 0.06472 0.04156 0.20277 0.09983 0.04538 0.04466 0.04968 0.25149 0.08765 0.05302 0.05923 
2 10 0.14653 0.01048 0.24513 0.09036 0.00200 0.01298 0.09136 0.24363 0.01073 0.00774 0.13904 
2 15 0.07051 0.01240 0.08454 0.13920 0.03536 0.07275 0.06929 0.01768 0.06929 0.07255 0.03536 0.14083 0.08433 0.01240 0.00467 0.07885 
2 15 0.04034 0.04007 0.06234 0.19382 0.04557 0.03379 0.02305 0.07019 0.08539 0.04086 0.04636 0.12415 0.03457 0.03091 0.03222 0.09639 
2 15 0.04503 0.04711 0.08129 0.20323 0.05797 0.05012 0.02979 0.07090 0.09700 0.02887 0.02841 0.09353 0.05566 0.03210 0.02979 0.04919 
2 15 0.04202 0.04349 0.08869 0.22575 0.03396 0.02590 0.02883 0.07672 0.11825 0.03738 0.03176 0.09235 0.03934 0.02101 0.02321 0.07134 
2 15 0.04221 0.04169 0.07236 0.19953 0.06135 0.05113 0.04038 0.07158 0.10829 0.04955 0.03592 0.07525 0.01521 0.02307 0.03802 0.07446 
2 15 0.05134 0.04769 0.08613 0.15742 0.04745 0.04185 0.03382 0.06156 0.09586 0.05109 0.04769 0.11241 0.05669 0.04477 0.03650 0.02774 
2 15 0.09683 0.04866 0.05761 0.13266 0.04430 0.03946 0.04260 0.04139 0.05326 0.04938 0.07093 0.14984 0.04890 0.03849 0.02614 0.05955 
2 15 0.09683 0.04866 0.05761 0.13266 0.04430 0.03946 0.04260 0.04139 0.05326 0.04938 0.07093 0.14984 0.04890 0.03849 0.02614 0.05955 
2 15 0.04932 0.00553 0.06734 0.16282 0.09864 0.06987 0.01028 0.00854 0.03494 0.04379 0.05975 0.25909 0.05628 0.00696 0.00395 0.06291 
2 15 0.06664 0.02652 0.03902 0.13854 0.03968 0.04318 0.05480 0.06598 0.04757 0.04033 0.07146 0.19706 0.05020 0.04033 0.02609 0.05261 
2 15 0.02599 0.04500 0.07953 0.08555 0.01339 0.02056 0.01532 0.04714 0.05509 0.01106 0.03434 0.17478 0.09467 0.06790 0.04772 0.18196 
2 15 0.09073 0.04086 0.04394 0.08348 0.04723 0.03427 0.03032 0.08809 0.01120 0.01736 0.05053 0.23045 0.08787 0.04833 0.02109 0.07425 
2 15 0.03412 0.05325 0.09928 0.13231 0.03592 0.04224 0.02040 0.02184 0.04386 0.07635 0.05578 0.12834 0.09838 0.05090 0.00957 0.09747 
2 15 0.04863 0.06996 0.08036 0.13940 0.04473 0.03147 0.01456 0.03693 0.05748 0.01612 0.03485 0.13316 0.07360 0.05072 0.04187 0.12614 
2 15 0.02686 0.03388 0.07397 0.15661 0.02376 0.03326 0.02417 0.03822 0.04979 0.00826 0.01612 0.13202 0.07045 0.05227 0.05455 0.20579 
2 15 0.06465 0.03363 0.05194 0.12892 0.05960 0.05250 0.03419 0.09268 0.02859 0.04148 0.06016 0.17676 0.06297 0.03812 0.01457 0.05923 
2 15 0.01813 0.03707 0.05227 0.11387 0.06240 0.04133 0.01520 0.02240 0.06747 0.06080 0.04560 0.20933 0.07173 0.05440 0.04187 0.08613 
2 15 0.02708 0.04291 0.09708 0.10043 0.03256 0.05995 0.03332 0.02982 0.05037 0.06817 0.06208 0.12660 0.07943 0.04580 0.02069 0.12371 
2 15 0.06028 0.05521 0.05322 0.09938 0.03657 0.05630 0.03259 0.03566 0.04363 0.04490 0.07295 0.16709 0.07476 0.03838 0.01665 0.11242 
2 15 0.02099 0.02528 0.04559 0.15550 0.05213 0.05100 0.02437 0.08621 0.10607 0.04626 0.05191 0.14805 0.08079 0.03318 0.01061 0.06206 
2 15 0.01968 0.04445 0.07822 0.09077 0.03359 0.04818 0.02647 0.02172 0.02104 0.04004 0.07499 0.19189 0.09332 0.06922 0.03970 0.10672 
2 15 0.01207 0.01614 0.02540 0.09586 0.01965 0.02807 0.01235 0.04589 0.06063 0.08842 0.07270 0.28618 0.13530 0.05740 0.02470 0.01923 
2 15 0.03204 0.03742 0.04301 0.06731 0.05290 0.07054 0.01548 0.00602 0.02860 0.07935 0.08022 0.27462 0.07419 0.05419 0.03032 0.05376 
2 15 0.00955 0.02556 0.06472 0.21089 0.05947 0.05278 0.02842 0.05923 0.05804 0.01051 0.03774 0.15930 0.08598 0.05732 0.03702 0.04347 
2 15 0.14403 0.00449 0.00849 0.13180 0.17124 0.03245 0.00150 0.01198 0.00150 0.03270 0.17224 0.13005 0.00899 0.00424 0.00524 0.13904 
2 20 0.06889 0.00772 0.03048 0.06035 0.13920 0.02906 0.00691 0.07214 0.06909 0.00650 0.01158 0.06909 0.07214 0.00691 0.02886 0.14083 0.06035 0.03068 0.00732 0.00305 0.07885 
2 20 0.07517 0.03222 0.03431 0.03091 0.12310 0.02541 0.01336 0.02776 0.02462 0.01729 0.09193 0.03510 0.03379 0.03117 0.03876 0.19251 0.03326 0.02881 0.02829 0.01205 0.07019 
2 20 0.08938 0.02379 0.02263 0.01848 0.09238 0.03557 0.02540 0.02794 0.02633 0.00970 0.04804 0.03995 0.04088 0.04203 0.04688 0.20185 0.04134 0.03834 0.04296 0.01524 0.07090 
2 20 0.10237 0.03958 0.02419 0.02126 0.09113 0.02565 0.01881 0.01710 0.01979 0.01099 0.06963 0.03616 0.03543 0.04202 0.05864 0.22184 0.01710 0.03030 0.02199 0.01930 0.07672 
2 20 0.08915 0.04746 0.03592 0.02124 0.07394 0.01232 0.00551 0.02176 0.02753 0.02045 0.07341 0.03330 0.03304 0.03671 0.04798 0.19586 0.04169 0.04326 0.04641 0.02150 0.07158 
2 20 0.07956 0.04380 0.04428 0.02701 0.11119 0.03382 0.02822 0.04063 0.03236 0.01265 0.02506 0.04550 0.04258 0.04209 0.05207 0.15450 0.02555 0.04088 0.03601 0.02068 0.06156 
2 20 0.07988 0.04188 0.04067 0.04067 0.13241 0.02832 0.01961 0.03607 0.03583 0.01864 0.03752 0.04527 0.04575 0.03171 0.04406 0.14863 0.02977 0.03558 0.03099 0.01719 0.05955 
2 20 0.07988 0.04188 0.04067 0.04067 0.13241 0.02832 0.01961 0.03607 0.03583 0.01864 0.03752 0.04527 0.04575 0.03171 0.04406 0.14863 0.02977 0.03558 0.03099 0.01719 0.05955 
2 20 0.04853 0.00395 0.02292 0.04679 0.16250 0.03762 0.06165 0.06955 0.01012 0.00126 0.00775 0.03462 0.04316 0.01565 0.04489 0.25893 0.03494 0.02450 0.00537 0.00237 0.06291 
2 20 0.05568 0.02477 0.02060 0.03113 0.13700 0.02565 0.01797 0.04077 0.04362 0.02521 0.05831 0.04121 0.03507 0.03858 0.04165 0.19356 0.03420 0.03463 0.03463 0.01315 0.05261 
2 20 0.05257 0.00815 0.01804 0.02173 0.17420 0.05742 0.04365 0.06208 0.04714 0.02211 0.16062 0.02580 0.04113 0.03977 0.04384 0.08535 0.00698 0.01435 0.01862 0.00931 0.04714 
2 20 0.08172 0.02746 0.03801 0.02834 0.08326 0.02790 0.02197 0.03185 0.03010 0.01098 0.07777 0.01076 0.01648 0.01933 0.03339 0.22913 0.05953 0.05646 0.03054 0.01076 0.07425 
2 20 0.03249 0.05108 0.04819 0.05361 0.13195 0.02365 0.03339 0.03051 0.01101 0.02184 0.03303 0.03736 0.06318 0.04242 0.12834 0.04928 0.05199 0.04801 0.00848 0.00307 0.09711 
2 20 0.05358 0.01196 0.02237 0.02055 0.13316 0.03693 0.03849 0.04889 0.04031 0.01144 0.11730 0.04759 0.06216 0.04213 0.04603 0.13940 0.02939 0.03251 0.02081 0.00806 0.03693 
2 20 0.04855 0.00661 0.01116 0.00785 0.13182 0.04194 0.03037 0.05062 0.05393 0.01983 0.18719 0.02624 0.03099 0.02831 0.04855 0.15661 0.01240 0.02273 0.03120 0.01488 0.03822 
2 20 0.05717 0.01943 0.03905 0.03457 0.12892 0.03307 0.03251 0.04652 0.03382 0.01663 0.07698 0.02803 0.03793 0.02877 0.03494 0.17676 0.04503 0.03886 0.02298 0.00878 0.05923 
2 20 0.05733 0.04133 0.04640 0.02880 0.20933 0.04053 0.03627 0.04933 0.04107 0.01920 0.06933 0.01653 0.03493 0.02827 0.02613 0.11387 0.04240 0.04693 0.02080 0.00880 0.02240 
2 20 0.11853 0.02678 0.04215 0.04884 0.04915 0.10027 0.01704 0.03987 0.04854 0.02039 0.02982 0.03926 0.03850 0.05782 0.04504 0.12629 0.04276 0.04063 0.04215 0.02039 0.00578 
2 20 0.03675 0.02371 0.04797 0.05304 0.16709 0.04073 0.03657 0.03584 0.01629 0.00724 0.10626 0.05956 0.05449 0.02806 0.02589 0.09938 0.02408 0.03783 0.04490 0.01865 0.03566 
2 20 0.09772 0.02889 0.04311 0.03453 0.14805 0.04559 0.03859 0.02979 0.00993 0.00384 0.06003 0.01986 0.02325 0.02279 0.02505 0.15527 0.03363 0.04311 0.03588 0.01490 0.08621 
2 20 0.01714 0.01425 0.04852 0.05616 0.19189 0.04971 0.04835 0.06447 0.03834 0.01561 0.09332 0.01883 0.04225 0.04072 0.03970 0.09077 0.02240 0.03444 0.03359 0.01781 0.02172 
2 20 0.04758 0.04323 0.07761 0.05333 0.28561 0.07018 0.06723 0.05586 0.02456 0.00604 0.01460 0.01081 0.01544 0.01165 0.01446 0.09586 0.01221 0.02035 0.01993 0.00758 0.04589 
2 20 0.01527 0.04430 0.06817 0.06043 0.27419 0.04172 0.03699 0.05011 0.02946 0.01247 0.04323 0.03097 0.03505 0.02344 0.02237 0.06688 0.04151 0.05720 0.03613 0.00409 0.00602 
2 20 0.05422 0.01051 0.01815 0.02341 0.15882 0.04395 0.04657 0.05326 0.03583 0.00955 0.03559 0.00908 0.02388 0.02579 0.04084 0.21065 0.03368 0.05398 0.03893 0.01409 0.05923 
2 20 0.01148 0.00150 0.03120 0.06016 0.11358 0.13005 0.00349 0.00724 0.00474 0.00300 0.13904 0.14154 0.00499 0.00699 0.00349 0.13180 0.11333 0.05941 0.03095 0.00150 0.00050 
2 25 0.06869 0.00610 0.00447 0.02804 0.06015 0.06523 0.07458 0.03170 0.02947 0.04633 0.04674 0.02845 0.00589 0.02845 0.04674 0.04613 0.02947 0.03170 0.07600 0.06543 0.05995 0.02804 0.00467 0.00589 0.00284 0.07885 
2 25 0.07203 0.01938 0.02279 0.03064 0.02776 0.03588 0.08984 0.02829 0.02305 0.01257 0.01545 0.02200 0.08774 0.01860 0.02514 0.01624 0.03641 0.04845 0.15191 0.04322 0.02933 0.02462 0.01938 0.02069 0.00838 0.07019 
2 25 0.08522 0.01778 0.01363 0.02032 0.01732 0.02055 0.07483 0.04296 0.02794 0.01501 0.01963 0.01293 0.04296 0.01940 0.02910 0.02309 0.04249 0.06074 0.16005 0.04527 0.03788 0.03141 0.02864 0.03025 0.00970 0.07090 
2 25 0.06303 0.02272 0.02419 0.02003 0.03616 0.07452 0.19472 0.03249 0.01613 0.02663 0.01148 0.02150 0.01295 0.07672 0.09528 0.03078 0.01906 0.02516 0.01710 0.02883 0.06572 0.03030 0.02077 0.00709 0.01515 0.01148 
2 25 0.06371 0.02622 0.01809 0.02281 0.03225 0.05768 0.15128 0.04955 0.03618 0.03566 0.02989 0.03461 0.01652 0.07158 0.07971 0.03907 0.02412 0.03356 0.01730 0.02596 0.05191 0.01049 0.01652 0.00865 0.01757 0.02910 
2 25 0.06983 0.03504 0.02457 0.04161 0.02360 0.03674 0.07737 0.04282 0.03747 0.01946 0.02530 0.01436 0.02141 0.02165 0.03285 0.02603 0.03990 0.06667 0.11825 0.04039 0.02311 0.03674 0.02092 0.02774 0.01460 0.06156 
2 25 0.07359 0.02977 0.02881 0.03607 0.03486 0.04696 0.08715 0.03437 0.03050 0.01743 0.02300 0.02397 0.02929 0.02663 0.03437 0.02372 0.03897 0.05592 0.11160 0.03994 0.02832 0.03099 0.01864 0.02397 0.01162 0.05955 
2 25 0.07359 0.02977 0.02881 0.03607 0.03486 0.04696 0.08715 0.03437 0.03050 0.01743 0.02300 0.02397 0.02929 0.02663 0.03437 0.02372 0.03897 0.05592 0.11160 0.03994 0.02832 0.03099 0.01864 0.02397 0.01162 0.05955 
2 25 0.04853 0.00253 0.00237 0.02229 0.04647 0.06386 0.09911 0.06718 0.03715 0.06402 0.00727 0.00379 0.00601 0.01359 0.02308 0.02830 0.02340 0.05169 0.18037 0.07888 0.03399 0.02371 0.00300 0.00411 0.00237 0.06291 
2 25 0.05414 0.01644 0.01929 0.01885 0.02345 0.03989 0.10061 0.02937 0.02893 0.02258 0.02696 0.03792 0.05107 0.02324 0.02915 0.02499 0.03310 0.05261 0.15015 0.04801 0.02806 0.03091 0.02455 0.02499 0.00811 0.05261 
2 25 0.05238 0.00621 0.00504 0.01571 0.02114 0.02949 0.14607 0.06537 0.05393 0.04248 0.03278 0.03628 0.15112 0.01804 0.01746 0.02793 0.04559 0.05044 0.07333 0.01280 0.00698 0.01242 0.00718 0.01377 0.00892 0.04714 
2 25 0.08062 0.01867 0.01955 0.03229 0.02438 0.02285 0.06129 0.03141 0.02834 0.02109 0.02109 0.01977 0.07403 0.00747 0.00725 0.00791 0.02373 0.03537 0.15378 0.07755 0.05426 0.04921 0.02263 0.02109 0.01011 0.07425 
2 25 0.02437 0.02491 0.03917 0.04982 0.06282 0.11354 0.01949 0.02184 0.02816 0.01643 0.02130 0.01083 0.02184 0.03267 0.02581 0.03051 0.04585 0.04116 0.02744 0.10181 0.06047 0.05126 0.03664 0.00451 0.00704 0.08032 
2 25 0.05306 0.00936 0.00650 0.02133 0.01821 0.03147 0.10273 0.04421 0.04369 0.03537 0.02965 0.02211 0.09701 0.03329 0.03459 0.04109 0.05488 0.05358 0.10325 0.03693 0.02575 0.02835 0.01534 0.01326 0.00806 0.03693 
2 25 0.04835 0.00496 0.00351 0.00950 0.00785 0.01260 0.12025 0.05083 0.03616 0.03492 0.03884 0.03492 0.17479 0.02025 0.01839 0.01921 0.03409 0.05372 0.13306 0.02438 0.01198 0.02190 0.01054 0.02190 0.01488 0.03822 
2 25 0.05699 0.01308 0.01682 0.03195 0.03139 0.03401 0.09585 0.03793 0.04428 0.02896 0.02317 0.02709 0.06969 0.01532 0.02018 0.02317 0.03793 0.04017 0.12593 0.05120 0.04335 0.03214 0.01570 0.01570 0.00878 0.05923 
2 25 0.06187 0.01227 0.01200 0.01947 0.03600 0.03227 0.07413 0.04133 0.04053 0.03627 0.01760 0.01573 0.00880 0.02240 0.05707 0.02800 0.02320 0.03947 0.02613 0.03173 0.17947 0.04747 0.04320 0.03360 0.02880 0.03120 
2 25 0.10940 0.01567 0.02039 0.03545 0.04504 0.05919 0.07958 0.02115 0.01598 0.03606 0.02039 0.03332 0.02009 0.02982 0.03880 0.02678 0.02632 0.04550 0.04321 0.03819 0.08917 0.05143 0.04321 0.02982 0.01293 0.01309 
2 25 0.03675 0.01575 0.01973 0.03783 0.05141 0.04308 0.12455 0.04906 0.04055 0.02299 0.01086 0.01267 0.08671 0.03566 0.04345 0.04146 0.03458 0.03114 0.07531 0.02534 0.02299 0.03186 0.02064 0.03186 0.01810 0.03566 
2 25 0.09682 0.02099 0.01918 0.03566 0.03160 0.03769 0.11149 0.05281 0.04130 0.01873 0.00632 0.00745 0.04897 0.01715 0.01377 0.01444 0.02595 0.02956 0.11126 0.04514 0.03092 0.03701 0.02031 0.02505 0.01422 0.08621 
2 25 0.08704 0.01289 0.01239 0.03224 0.04123 0.04852 0.07211 0.01934 0.02087 0.02816 0.01798 0.02426 0.01697 0.02172 0.01714 0.01052 0.01765 0.03648 0.05429 0.05701 0.13539 0.05972 0.05514 0.04717 0.02596 0.02782 
2 25 0.04758 0.02905 0.03621 0.05740 0.05151 0.04505 0.24154 0.08519 0.06077 0.04632 0.01768 0.01277 0.01095 0.00674 0.00786 0.00954 0.01516 0.01614 0.07930 0.01726 0.01193 0.01586 0.01193 0.01277 0.00758 0.04589 
2 25 0.03312 0.01957 0.02172 0.02323 0.02946 0.02602 0.04774 0.02129 0.04022 0.04086 0.03054 0.02323 0.00409 0.00602 0.01527 0.03118 0.02989 0.05398 0.05785 0.05570 0.22000 0.04925 0.04409 0.03398 0.02043 0.02129 
2 25 0.05422 0.00908 0.00430 0.01743 0.02126 0.03774 0.12228 0.05183 0.05087 0.03989 0.02388 0.02126 0.03176 0.00597 0.00717 0.01505 0.02890 0.04586 0.16265 0.04872 0.02460 0.05087 0.02484 0.02627 0.01409 0.05923 
2 25 0.14154 0.00499 0.00200 0.00599 0.00250 0.00599 0.12631 0.13729 0.04044 0.02546 0.00150 0.00050 0.01098 0.00050 0.00150 0.02571 0.04094 0.13779 0.12431 0.00624 0.00250 0.00649 0.00175 0.00474 0.00300 0.13904 
2 30 0.06869 0.00183 0.00610 0.00630 0.02439 0.06015 0.06523 0.07397 0.02906 0.00630 0.02662 0.04613 0.04674 0.02256 0.00630 0.01138 0.02256 0.04674 0.04593 0.02662 0.00650 0.02886 0.07539 0.06543 0.05995 0.02439 0.00671 0.00569 0.00183 0.00284 0.07885 
2 30 0.07019 0.01519 0.02200 0.01886 0.02043 0.02593 0.03588 0.08827 0.02436 0.01021 0.01912 0.01179 0.01414 0.01807 0.00969 0.08669 0.01729 0.02305 0.01572 0.02436 0.02488 0.03745 0.15113 0.04269 0.02541 0.02017 0.01650 0.01729 0.01676 0.00629 0.07019 
2 30 0.08268 0.01432 0.01617 0.01270 0.01247 0.01594 0.01940 0.07413 0.03441 0.02125 0.01732 0.01478 0.01871 0.01109 0.00624 0.04296 0.01732 0.02771 0.02194 0.02517 0.03580 0.04550 0.15820 0.04503 0.03603 0.02194 0.02171 0.02841 0.02125 0.00855 0.07090 
2 30 0.09235 0.02590 0.02370 0.01368 0.01564 0.01613 0.02785 0.06450 0.02443 0.01490 0.01393 0.00709 0.01417 0.00904 0.00757 0.06377 0.01857 0.02345 0.01930 0.02419 0.03396 0.05473 0.19350 0.03225 0.01490 0.01906 0.01344 0.01246 0.01881 0.01002 0.07672 
2 30 0.07708 0.03120 0.02832 0.02124 0.01966 0.01626 0.02569 0.04955 0.01101 0.00420 0.01468 0.00839 0.01626 0.02176 0.00996 0.06450 0.02596 0.01626 0.02098 0.02071 0.02805 0.04431 0.15050 0.04903 0.03356 0.02779 0.02360 0.02753 0.02753 0.01285 0.07158 
2 30 0.06618 0.02968 0.02749 0.02360 0.02603 0.02165 0.03625 0.07616 0.03260 0.02409 0.02603 0.01873 0.02214 0.01436 0.00852 0.01922 0.02117 0.03017 0.02530 0.02238 0.03698 0.04915 0.11873 0.03869 0.02117 0.02628 0.01898 0.02287 0.02165 0.01217 0.06156 
2 30 0.06972 0.02711 0.02493 0.02372 0.02397 0.03365 0.04599 0.08666 0.02808 0.01622 0.02227 0.01719 0.02033 0.02227 0.01186 0.02953 0.02251 0.03074 0.02324 0.02614 0.02808 0.04285 0.11087 0.03897 0.02542 0.02348 0.01646 0.02203 0.01695 0.00920 0.05955 
2 30 0.06972 0.02711 0.02493 0.02372 0.02397 0.03365 0.04599 0.08666 0.02808 0.01622 0.02227 0.01719 0.02033 0.02227 0.01186 0.02953 0.02251 0.03074 0.02324 0.02614 0.02808 0.04285 0.11087 0.03897 0.02542 0.02348 0.01646 0.02203 0.01695 0.00920 0.05955 
2 30 0.04837 0.00095 0.00316 0.00237 0.02087 0.04647 0.06371 0.09911 0.03731 0.06133 0.00680 0.06307 0.00727 0.00300 0.00111 0.00743 0.01201 0.02292 0.02197 0.02181 0.01502 0.04474 0.18021 0.07888 0.03383 0.02245 0.00316 0.00379 0.00174 0.00221 0.06291 
2 30 0.05173 0.01491 0.01381 0.01271 0.01688 0.02214 0.03989 0.09864 0.02411 0.01556 0.02104 0.02214 0.02324 0.03157 0.01403 0.05195 0.01973 0.02784 0.02389 0.01644 0.03332 0.03814 0.14993 0.04713 0.02740 0.02280 0.01863 0.02170 0.01907 0.00701 0.05261 
2 30 0.05179 0.00330 0.00563 0.00543 0.01319 0.02114 0.02910 0.14568 0.05684 0.03783 0.03240 0.03550 0.03278 0.01494 0.02153 0.16043 0.00873 0.01726 0.02017 0.02483 0.03589 0.04365 0.07294 0.01261 0.00679 0.00660 0.00795 0.01261 0.00718 0.00815 0.04714 
2 30 0.08040 0.01033 0.01845 0.02241 0.01977 0.02417 0.02285 0.06063 0.02768 0.01955 0.01670 0.01757 0.02109 0.00923 0.01076 0.07733 0.00395 0.00725 0.00286 0.01450 0.01845 0.03207 0.15312 0.07733 0.05272 0.03515 0.02812 0.02021 0.01098 0.01011 0.07425 
2 30 0.00921 0.02491 0.02906 0.02419 0.04603 0.05325 0.11300 0.01931 0.02130 0.01462 0.02112 0.02112 0.01029 0.01011 0.02184 0.03231 0.01155 0.02653 0.04982 0.01462 0.04116 0.02708 0.10126 0.04928 0.04910 0.02292 0.02798 0.00451 0.00505 0.00199 0.09549 
2 30 0.05306 0.00442 0.00806 0.00806 0.01691 0.01795 0.03147 0.10169 0.03693 0.03667 0.02133 0.02939 0.02965 0.01222 0.00988 0.11625 0.01404 0.03459 0.03849 0.03147 0.03433 0.04603 0.10325 0.03615 0.02549 0.01925 0.01717 0.01430 0.00676 0.00780 0.03693 
2 30 0.04773 0.00207 0.00537 0.00289 0.00847 0.00764 0.01240 0.11963 0.04174 0.02872 0.02293 0.02934 0.03864 0.01591 0.01921 0.18657 0.00868 0.01818 0.01178 0.02211 0.02541 0.04855 0.13244 0.02417 0.01157 0.01219 0.01136 0.02190 0.00992 0.01426 0.03822 
2 30 0.05661 0.00803 0.01196 0.02167 0.02074 0.03120 0.03382 0.09510 0.03307 0.02653 0.02653 0.02597 0.02317 0.01102 0.01626 0.07642 0.00841 0.02018 0.01943 0.02205 0.02522 0.03494 0.12556 0.05120 0.04279 0.02018 0.02093 0.01719 0.00579 0.00878 0.05923 
2 30 0.05627 0.01120 0.03120 0.02960 0.02027 0.02533 0.03147 0.17787 0.04053 0.03120 0.02667 0.02773 0.02853 0.01333 0.01840 0.06773 0.00640 0.01173 0.01493 0.02213 0.02613 0.02613 0.07253 0.04133 0.04053 0.02187 0.02693 0.01440 0.00747 0.00773 0.02240 
2 30 0.11823 0.00670 0.02039 0.02374 0.01917 0.04808 0.04900 0.07973 0.02069 0.01567 0.01689 0.02435 0.03561 0.01369 0.01963 0.02982 0.03880 0.01156 0.02739 0.04078 0.01887 0.04321 0.03819 0.08841 0.04245 0.03698 0.02328 0.02252 0.01293 0.00776 0.00548 
2 30 0.01702 0.04327 0.03892 0.01629 0.02734 0.02589 0.07422 0.02516 0.02281 0.01376 0.02534 0.03096 0.01503 0.01756 0.03566 0.03639 0.00724 0.01684 0.02806 0.02172 0.05123 0.04254 0.12455 0.04073 0.03403 0.02317 0.01521 0.01086 0.00579 0.00688 0.10554 
2 30 0.09592 0.01016 0.02054 0.02573 0.02054 0.03137 0.03724 0.11081 0.04559 0.03521 0.02257 0.01061 0.00609 0.00451 0.00316 0.05890 0.00722 0.01377 0.01151 0.01377 0.02076 0.02483 0.11058 0.04491 0.03092 0.02121 0.02460 0.02640 0.01083 0.01354 0.08621 
2 30 0.09247 0.00730 0.01239 0.02477 0.01968 0.03851 0.03970 0.07177 0.01900 0.02087 0.01272 0.02324 0.02494 0.00967 0.01680 0.02172 0.01646 0.00458 0.01035 0.02969 0.02070 0.05429 0.05650 0.13539 0.04971 0.04360 0.02884 0.04038 0.02596 0.01374 0.01425 
2 30 0.04730 0.01333 0.03018 0.05825 0.02133 0.05137 0.04505 0.24112 0.06961 0.06568 0.02821 0.02919 0.01768 0.00702 0.00589 0.01333 0.00421 0.00786 0.00674 0.00940 0.01095 0.01446 0.07860 0.01726 0.01137 0.00828 0.01291 0.01516 0.00491 0.00744 0.04589 
2 30 0.01054 0.02151 0.02129 0.01613 0.02108 0.02194 0.04624 0.02108 0.04022 0.01269 0.04581 0.02473 0.01204 0.00344 0.00602 0.01462 0.01398 0.03097 0.04839 0.02237 0.05785 0.05570 0.21892 0.04129 0.03290 0.02495 0.02925 0.02000 0.01032 0.01161 0.04215 
2 30 0.05422 0.00382 0.00669 0.00382 0.01696 0.02078 0.03678 0.12252 0.04347 0.04251 0.02197 0.03535 0.02388 0.01314 0.00836 0.03511 0.00239 0.00717 0.00812 0.01743 0.02412 0.04060 0.16241 0.04848 0.02460 0.03487 0.02818 0.02460 0.01481 0.01361 0.05923 
2 30 0.14154 0.00250 0.00250 0.00200 0.00599 0.00250 0.00574 0.12606 0.11333 0.05791 0.03095 0.00150 0.00150 0.00000 0.00050 0.01148 0.00000 0.00150 0.00150 0.03120 0.05866 0.11358 0.12406 0.00599 0.00250 0.00649 0.00175 0.00250 0.00225 0.00300 0.13904 
2 35 0.06828 0.00203 0.00467 0.00427 0.02418 0.02276 0.04125 0.06503 0.07417 0.00264 0.02967 0.00305 0.04593 0.02682 0.04674 0.02235 0.00650 0.00508 0.00650 0.02235 0.04674 0.02662 0.04593 0.00305 0.02987 0.00244 0.07559 0.06523 0.04125 0.02276 0.02398 0.00447 0.00447 0.00203 0.00244 0.07885 
2 35 0.06810 0.01493 0.01467 0.01336 0.01781 0.02305 0.02069 0.03405 0.08905 0.01074 0.02017 0.00576 0.02017 0.00969 0.01414 0.01598 0.01179 0.08015 0.00943 0.01467 0.02279 0.01336 0.02357 0.01650 0.03536 0.01493 0.15270 0.03981 0.02069 0.02383 0.01441 0.01283 0.00891 0.01676 0.00498 0.07019 
2 35 0.08083 0.01432 0.01039 0.00970 0.01155 0.01432 0.01316 0.01894 0.07344 0.01201 0.03372 0.01386 0.01686 0.01247 0.01871 0.00878 0.00855 0.03695 0.00739 0.01617 0.02748 0.01963 0.02564 0.02102 0.04758 0.01594 0.15820 0.04365 0.02471 0.03095 0.02009 0.01547 0.01848 0.02102 0.00716 0.07090 
2 35 0.09064 0.02565 0.01344 0.01393 0.01270 0.01759 0.01344 0.02590 0.06523 0.01051 0.02321 0.00782 0.01368 0.00635 0.01417 0.00684 0.00977 0.05619 0.00928 0.01710 0.02321 0.01808 0.02272 0.01564 0.05693 0.02272 0.19057 0.03127 0.01124 0.02199 0.01270 0.00709 0.00855 0.01808 0.00904 0.07672 
2 35 0.07315 0.03225 0.01757 0.01757 0.01940 0.02019 0.01363 0.02334 0.05060 0.00420 0.01023 0.00315 0.01494 0.00708 0.01573 0.01966 0.01259 0.05585 0.01416 0.02071 0.01599 0.01757 0.02255 0.01494 0.04379 0.01888 0.14866 0.04719 0.02255 0.03435 0.02150 0.01966 0.01730 0.02753 0.00996 0.07158 
2 35 0.06253 0.03066 0.01825 0.01703 0.02238 0.02506 0.01873 0.03504 0.07616 0.00998 0.03528 0.01557 0.02603 0.01582 0.02214 0.01338 0.00949 0.01265 0.00730 0.02044 0.03017 0.02141 0.02409 0.02117 0.05401 0.01606 0.11800 0.03650 0.01557 0.02871 0.01898 0.01217 0.01606 0.02068 0.01095 0.06156 
2 35 0.06657 0.02760 0.01598 0.01670 0.02082 0.03050 0.02493 0.04357 0.08884 0.00799 0.02808 0.00992 0.02590 0.01210 0.01937 0.02227 0.01283 0.01670 0.01525 0.02058 0.03026 0.02033 0.02687 0.01598 0.04503 0.01331 0.11087 0.03776 0.01840 0.02856 0.01573 0.01114 0.01501 0.01598 0.00871 0.05955 
2 35 0.06657 0.02760 0.01598 0.01670 0.02082 0.03050 0.02493 0.04357 0.08884 0.00799 0.02808 0.00992 0.02590 0.01210 0.01937 0.02227 0.01283 0.01670 0.01525 0.02058 0.03026 0.02033 0.02687 0.01598 0.04503 0.01331 0.11087 0.03776 0.01840 0.02856 0.01573 0.01114 0.01501 0.01598 0.00871 0.05955 
2 35 0.04806 0.00111 0.00221 0.00206 0.01913 0.01992 0.02972 0.06339 0.09911 0.00285 0.06481 0.03146 0.00933 0.06039 0.00696 0.00316 0.00126 0.00553 0.00221 0.01201 0.02261 0.01138 0.03209 0.00822 0.03778 0.01423 0.18021 0.07872 0.01834 0.02008 0.01929 0.00269 0.00300 0.00190 0.00190 0.06291 
2 35 0.05042 0.01512 0.00636 0.01052 0.01228 0.02170 0.01578 0.03507 0.10193 0.00745 0.02521 0.00964 0.02345 0.01863 0.02324 0.03003 0.01556 0.04209 0.01271 0.01776 0.02696 0.02082 0.01841 0.01951 0.04099 0.01556 0.15103 0.04253 0.02170 0.02630 0.01863 0.01359 0.01140 0.01951 0.00548 0.05261 
2 35 0.05141 0.00252 0.00485 0.00466 0.00989 0.01203 0.01513 0.02832 0.14588 0.02289 0.04345 0.02929 0.03686 0.03065 0.03259 0.01474 0.02192 0.15092 0.00970 0.00892 0.01688 0.01804 0.02677 0.02890 0.03337 0.01765 0.07333 0.01203 0.00621 0.00621 0.00698 0.00698 0.00931 0.00582 0.00776 0.04714 
2 35 0.07909 0.00989 0.01098 0.01889 0.01889 0.01604 0.02175 0.02263 0.06063 0.01076 0.02153 0.01516 0.01933 0.01494 0.02109 0.00901 0.01098 0.07381 0.00395 0.00351 0.00725 0.00264 0.01428 0.01472 0.02329 0.01428 0.15224 0.07689 0.03976 0.02988 0.03383 0.02219 0.01186 0.01011 0.00967 0.07425 
2 35 0.01625 0.00812 0.02491 0.02690 0.02617 0.03592 0.04422 0.01968 0.11282 0.01913 0.01895 0.01318 0.01841 0.01570 0.01282 0.00975 0.00975 0.02184 0.03159 0.01119 0.01588 0.03014 0.03556 0.01245 0.03917 0.02653 0.10181 0.01949 0.04188 0.03755 0.02455 0.02581 0.00451 0.00415 0.00289 0.08032 
2 35 0.05202 0.00442 0.00598 0.00650 0.01248 0.01404 0.01300 0.03121 0.10195 0.01248 0.03251 0.02887 0.02497 0.02549 0.02965 0.01144 0.01066 0.09701 0.01977 0.01352 0.03459 0.03355 0.03589 0.02653 0.03823 0.01612 0.10429 0.03511 0.02055 0.01664 0.01691 0.01482 0.00884 0.00572 0.00728 0.03693 
2 35 0.04669 0.00186 0.00517 0.00310 0.00310 0.00785 0.00640 0.01136 0.12045 0.01322 0.03864 0.01921 0.02748 0.02438 0.03802 0.01591 0.01983 0.17479 0.01240 0.00826 0.01798 0.01095 0.02273 0.01963 0.03492 0.01963 0.13285 0.02376 0.00847 0.01095 0.01446 0.01033 0.01343 0.00971 0.01384 0.03822 
2 35 0.05624 0.00691 0.00747 0.01607 0.02130 0.01607 0.02616 0.03363 0.09529 0.01364 0.02522 0.02074 0.02971 0.02280 0.02298 0.01084 0.01663 0.06951 0.00747 0.00785 0.02018 0.01626 0.02485 0.01999 0.02821 0.01233 0.12556 0.05120 0.03251 0.01850 0.02448 0.01532 0.01121 0.00523 0.00841 0.05923 
2 35 0.05467 0.01173 0.01947 0.02240 0.02693 0.01787 0.02080 0.03093 0.17840 0.01680 0.03253 0.02320 0.02907 0.02453 0.02853 0.01280 0.01893 0.06133 0.00773 0.00560 0.01120 0.01413 0.02267 0.01893 0.02160 0.01200 0.07307 0.04080 0.03360 0.01920 0.02400 0.01707 0.01040 0.00747 0.00720 0.02240 
2 35 0.00943 0.00685 0.02009 0.02176 0.02100 0.03789 0.04245 0.01704 0.07973 0.02054 0.01369 0.01522 0.02328 0.01993 0.02100 0.01415 0.01856 0.02982 0.03819 0.01156 0.01613 0.02602 0.03439 0.01659 0.03774 0.03789 0.08841 0.01704 0.03515 0.02815 0.02602 0.01917 0.01278 0.00776 0.00563 0.10895 
2 35 0.03548 0.00670 0.01068 0.01937 0.02860 0.01937 0.04127 0.04254 0.12455 0.01684 0.03277 0.02534 0.02480 0.01340 0.01086 0.00561 0.00706 0.08671 0.01955 0.01629 0.04327 0.03421 0.02100 0.02082 0.02607 0.00634 0.07495 0.02444 0.01937 0.01285 0.02281 0.01973 0.02009 0.01394 0.01665 0.03566 
2 35 0.09524 0.00970 0.01286 0.01896 0.02392 0.01715 0.02640 0.03679 0.11126 0.02099 0.03295 0.02776 0.02257 0.00970 0.00609 0.00406 0.00361 0.04897 0.01083 0.00654 0.01354 0.01106 0.01422 0.01512 0.02076 0.00993 0.11126 0.04401 0.02528 0.01828 0.02460 0.01941 0.01738 0.01016 0.01241 0.08621 
2 35 0.01612 0.00441 0.00730 0.01731 0.02918 0.01883 0.04293 0.05633 0.13556 0.01866 0.04157 0.03325 0.03427 0.03478 0.02596 0.01272 0.01527 0.08687 0.00577 0.00730 0.01222 0.02307 0.02138 0.02901 0.03342 0.01578 0.07194 0.01883 0.01866 0.01120 0.01917 0.01781 0.01544 0.00950 0.01646 0.02172 
2 35 0.04702 0.01305 0.01712 0.03551 0.04351 0.01993 0.04561 0.04477 0.24084 0.02681 0.05937 0.05011 0.03186 0.02512 0.01754 0.00702 0.00604 0.01081 0.00351 0.00337 0.00772 0.00533 0.01081 0.00856 0.01095 0.00589 0.07888 0.01698 0.00898 0.00828 0.01081 0.00982 0.01011 0.00575 0.00632 0.04589 
2 35 0.01441 0.01333 0.01892 0.02946 0.04323 0.02172 0.04710 0.05548 0.21871 0.01742 0.03333 0.02409 0.03011 0.02387 0.01978 0.00989 0.01226 0.03290 0.01011 0.01032 0.02086 0.01892 0.01828 0.01548 0.01914 0.00903 0.04667 0.02022 0.03785 0.01140 0.03204 0.03011 0.01333 0.01204 0.00215 0.00602 
2 35 0.05398 0.00191 0.00740 0.00406 0.00884 0.01576 0.01433 0.03678 0.12204 0.01552 0.03750 0.03463 0.02484 0.03129 0.02364 0.01218 0.00955 0.03105 0.00454 0.00239 0.00669 0.00717 0.01791 0.01887 0.02962 0.01696 0.16217 0.04848 0.01982 0.02579 0.02985 0.02436 0.01314 0.01481 0.01290 0.05923 
2 35 0.14104 0.00200 0.00349 0.00200 0.00200 0.00399 0.00250 0.00574 0.12606 0.04493 0.09286 0.03345 0.03095 0.00150 0.00150 0.00000 0.00050 0.01098 0.00050 0.00000 0.00150 0.00150 0.03120 0.03395 0.09311 0.04518 0.12406 0.00599 0.00250 0.00399 0.00250 0.00175 0.00325 0.00200 0.00250 0.13904 
2 40 0.06584 0.00305 0.00183 0.00589 0.00406 0.02642 0.01931 0.04105 0.06503 0.07417 0.00020 0.02886 0.00569 0.00122 0.04755 0.02459 0.04674 0.02235 0.00610 0.00041 0.00549 0.00610 0.02235 0.04674 0.02439 0.04775 0.00102 0.00589 0.02865 0.00020 0.07559 0.06523 0.04085 0.01951 0.02642 0.00427 0.00549 0.00183 0.00305 0.00000 0.07885 
2 40 0.06705 0.00812 0.01100 0.02122 0.01179 0.02252 0.01100 0.01991 0.03353 0.08958 0.00157 0.02383 0.00760 0.00576 0.01964 0.00812 0.01414 0.01048 0.01283 0.00445 0.08329 0.00864 0.01283 0.02226 0.01126 0.02252 0.01572 0.01545 0.03719 0.00157 0.15270 0.03981 0.01938 0.01388 0.01545 0.01336 0.01729 0.01100 0.01021 0.00183 0.07019 
2 40 0.07875 0.01062 0.00808 0.01570 0.00855 0.01409 0.00670 0.01178 0.01871 0.07367 0.00208 0.03349 0.01432 0.01109 0.01848 0.00947 0.01871 0.00762 0.00624 0.00346 0.03949 0.00855 0.01270 0.02725 0.01478 0.02610 0.01894 0.02309 0.04411 0.00277 0.15843 0.04342 0.02425 0.01709 0.02309 0.01524 0.02794 0.01501 0.01247 0.00277 0.07090 
2 40 0.08551 0.01686 0.01661 0.02297 0.00977 0.01441 0.00855 0.01270 0.02590 0.06523 0.00195 0.02370 0.01075 0.00806 0.01173 0.00538 0.01417 0.00562 0.00684 0.00415 0.05888 0.01075 0.01344 0.02272 0.01490 0.02052 0.01686 0.02516 0.05375 0.00489 0.19057 0.03127 0.01075 0.00635 0.01930 0.01099 0.01197 0.01002 0.01588 0.00342 0.07672 
2 40 0.06791 0.02124 0.01966 0.02779 0.01390 0.02202 0.00813 0.01311 0.02307 0.05087 0.00288 0.00944 0.00315 0.00236 0.01573 0.00603 0.01573 0.01180 0.01914 0.00131 0.06266 0.01075 0.01757 0.01573 0.01573 0.01730 0.01862 0.01809 0.04326 0.00472 0.14997 0.04588 0.02071 0.02098 0.02465 0.01862 0.02727 0.01914 0.01730 0.00420 0.07158 
2 40 0.05718 0.02238 0.01703 0.02676 0.01606 0.02822 0.00998 0.01703 0.03479 0.07640 0.00268 0.03114 0.01703 0.01119 0.02944 0.01119 0.02214 0.01022 0.00730 0.00535 0.01630 0.00876 0.01533 0.03017 0.01557 0.02701 0.01630 0.02579 0.04818 0.00389 0.11825 0.03625 0.01436 0.01119 0.02871 0.01217 0.02287 0.01314 0.01387 0.00681 0.06156 
2 40 0.06366 0.01622 0.01743 0.02445 0.01719 0.02348 0.01646 0.02421 0.04309 0.08932 0.00145 0.02687 0.01065 0.00896 0.02639 0.00968 0.01937 0.01646 0.01089 0.00775 0.02227 0.01525 0.01501 0.03026 0.01428 0.03147 0.01114 0.02058 0.04212 0.00194 0.11087 0.03776 0.01719 0.01259 0.02324 0.01235 0.02130 0.00968 0.01452 0.00266 0.05955 
2 40 0.06366 0.01622 0.01743 0.02445 0.01719 0.02348 0.01646 0.02421 0.04309 0.08932 0.00145 0.02687 0.01065 0.00896 0.02639 0.00968 0.01937 0.01646 0.01089 0.00775 0.02227 0.01525 0.01501 0.03026 0.01428 0.03147 0.01114 0.02058 0.04212 0.00194 0.11087 0.03776 0.01719 0.01259 0.02324 0.01235 0.02130 0.00968 0.01452 0.00266 0.05955 
2 40 0.04774 0.00079 0.00079 0.00316 0.00190 0.02102 0.01755 0.02924 0.06339 0.09911 0.00047 0.03715 0.05880 0.00285 0.03715 0.03241 0.00696 0.00316 0.00095 0.00032 0.00585 0.00190 0.01217 0.02245 0.01138 0.03177 0.00775 0.00790 0.04458 0.00032 0.18021 0.07872 0.01786 0.01707 0.02181 0.00269 0.00364 0.00174 0.00237 0.00000 0.06291 
2 40 0.04910 0.00658 0.01140 0.01337 0.01008 0.01052 0.01600 0.01512 0.03463 0.10237 0.00197 0.02367 0.00986 0.00811 0.02499 0.01578 0.02302 0.02060 0.02104 0.00416 0.04757 0.01074 0.01425 0.02696 0.01644 0.01863 0.01644 0.02214 0.03748 0.00416 0.15147 0.04209 0.02126 0.01293 0.02082 0.01381 0.02126 0.01337 0.01228 0.00088 0.05261 
2 40 0.05102 0.00155 0.00291 0.00524 0.00369 0.01435 0.01183 0.00989 0.02813 0.14607 0.00116 0.05626 0.02231 0.02134 0.03880 0.02328 0.03220 0.01494 0.02192 0.00019 0.15092 0.00970 0.00892 0.01688 0.01377 0.02735 0.01979 0.01998 0.04326 0.00058 0.07352 0.01183 0.00310 0.00388 0.00834 0.00601 0.01242 0.00621 0.00931 0.00000 0.04714 
2 40 0.07096 0.01076 0.00901 0.01845 0.01472 0.02329 0.01296 0.01538 0.02241 0.06085 0.00022 0.02768 0.01011 0.01186 0.01955 0.01230 0.02109 0.00901 0.01076 0.00022 0.07403 0.00373 0.00351 0.00725 0.00220 0.01428 0.01252 0.00681 0.03163 0.00176 0.15224 0.07689 0.02570 0.03383 0.03844 0.01801 0.01999 0.01054 0.01033 0.00044 0.07425 
2 40 0.01679 0.00758 0.02491 0.01949 0.03159 0.02347 0.02473 0.05271 0.00090 0.11300 0.01895 0.01245 0.01119 0.01895 0.01444 0.02112 0.00939 0.01083 0.00018 0.02184 0.02798 0.00505 0.01101 0.02635 0.02816 0.03502 0.01282 0.02960 0.02581 0.10253 0.00054 0.04874 0.02852 0.02347 0.03321 0.01480 0.00451 0.00397 0.00307 0.00000 0.08032 
2 40 0.04941 0.00416 0.00390 0.00806 0.00468 0.01769 0.01326 0.00728 0.03095 0.10221 0.00026 0.03667 0.02159 0.01691 0.03043 0.01847 0.02965 0.01066 0.01144 0.00000 0.09701 0.02029 0.01300 0.03459 0.02653 0.03563 0.01821 0.02393 0.04577 0.00026 0.10455 0.03485 0.01274 0.01664 0.02081 0.01170 0.01430 0.00650 0.00806 0.00000 0.03693 
2 40 0.04669 0.00186 0.00124 0.00537 0.00165 0.00950 0.00434 0.00351 0.01116 0.12066 0.00041 0.04153 0.01777 0.01260 0.03099 0.01963 0.03802 0.01591 0.01983 0.00000 0.17479 0.01240 0.00847 0.01777 0.00971 0.02128 0.01798 0.01033 0.04814 0.00041 0.13326 0.02335 0.00537 0.00702 0.01322 0.00950 0.02169 0.00950 0.01488 0.00000 0.03822 
2 40 0.05362 0.00355 0.00803 0.01140 0.01289 0.02616 0.01626 0.01831 0.03363 0.09529 0.00056 0.03251 0.01775 0.01476 0.02859 0.01794 0.02280 0.01102 0.01644 0.00019 0.06951 0.00747 0.00785 0.02018 0.01308 0.02485 0.01495 0.01383 0.03494 0.00000 0.12556 0.05120 0.02205 0.02298 0.02522 0.01364 0.01719 0.00579 0.00859 0.00019 0.05923 
2 40 0.03893 0.01840 0.01040 0.03093 0.02027 0.02613 0.01467 0.01413 0.03067 0.17867 0.00160 0.03893 0.01893 0.01733 0.02987 0.01947 0.02853 0.01253 0.01893 0.00027 0.06160 0.00773 0.00533 0.01120 0.00987 0.02507 0.01147 0.01680 0.02480 0.00133 0.07333 0.04053 0.02533 0.01707 0.03093 0.01600 0.01333 0.00747 0.00880 0.00000 0.02240 
2 40 0.02861 0.01065 0.01141 0.02708 0.02435 0.03348 0.01628 0.02876 0.03758 0.08871 0.00061 0.04215 0.02161 0.01902 0.02906 0.01309 0.01278 0.00761 0.00563 0.00015 0.10940 0.00913 0.00685 0.01993 0.01446 0.02769 0.02358 0.02526 0.04884 0.00030 0.07973 0.02054 0.01035 0.00670 0.02176 0.01811 0.03545 0.01309 0.02024 0.00015 0.02982 
2 40 0.03277 0.00398 0.00724 0.01647 0.01611 0.03186 0.02426 0.02878 0.04254 0.12455 0.00018 0.04055 0.01846 0.01810 0.02643 0.00941 0.01068 0.00561 0.00706 0.00018 0.08689 0.01937 0.01629 0.04327 0.02625 0.02824 0.01068 0.01738 0.02516 0.00072 0.07531 0.02408 0.01340 0.01068 0.01991 0.01792 0.03041 0.01448 0.01846 0.00018 0.03566 
2 40 0.08418 0.01354 0.00835 0.02054 0.01715 0.02595 0.01693 0.01760 0.03679 0.11126 0.00045 0.04514 0.01625 0.02234 0.02279 0.00700 0.00609 0.00384 0.00384 0.00000 0.04897 0.01106 0.00632 0.01354 0.00880 0.01444 0.01196 0.01083 0.02415 0.00090 0.11126 0.04401 0.01602 0.01760 0.02708 0.01602 0.02640 0.00948 0.01490 0.00000 0.08621 
2 40 0.01544 0.00170 0.00390 0.01035 0.01612 0.03241 0.02562 0.03054 0.05599 0.13590 0.00051 0.04920 0.02681 0.02155 0.04004 0.02443 0.02596 0.01239 0.01544 0.00017 0.08687 0.00645 0.00679 0.01205 0.01476 0.02749 0.01900 0.02172 0.03936 0.00034 0.07262 0.01815 0.01357 0.00882 0.01798 0.01646 0.02443 0.00916 0.01781 0.00000 0.02172 
2 40 0.04309 0.00449 0.01333 0.02989 0.03242 0.04519 0.02007 0.03326 0.04463 0.24098 0.00098 0.06919 0.03635 0.03088 0.03930 0.01656 0.01712 0.00744 0.00589 0.00014 0.01081 0.00379 0.00309 0.00772 0.00477 0.01067 0.00604 0.00561 0.01375 0.00070 0.07888 0.01698 0.00618 0.00604 0.01151 0.00884 0.01502 0.00491 0.00744 0.00014 0.04589 
2 40 0.00968 0.00559 0.01355 0.03075 0.02688 0.04129 0.02667 0.03376 0.05527 0.21892 0.00108 0.04065 0.01978 0.01720 0.03226 0.01785 0.01957 0.00989 0.01204 0.00043 0.03290 0.01032 0.01032 0.02065 0.01376 0.02129 0.01011 0.01333 0.02108 0.00129 0.04710 0.01978 0.02882 0.01269 0.03183 0.02538 0.02387 0.01226 0.00409 0.00000 0.00602 
2 40 0.05016 0.00406 0.00382 0.00669 0.00310 0.01505 0.01767 0.00573 0.03678 0.12204 0.00119 0.04275 0.02388 0.02269 0.03176 0.02150 0.02341 0.01242 0.00931 0.00024 0.03153 0.00406 0.00239 0.00669 0.00478 0.01911 0.01505 0.01075 0.04036 0.00048 0.16217 0.04848 0.01457 0.01911 0.03439 0.01958 0.02436 0.01457 0.01385 0.00024 0.05923 
2 40 0.13904 0.00250 0.00250 0.00250 0.00200 0.00499 0.00200 0.00150 0.00574 0.12606 0.00050 0.11283 0.03345 0.02596 0.02946 0.00150 0.00150 0.00000 0.00050 0.00000 0.01098 0.00050 0.00000 0.00150 0.00150 0.02971 0.02646 0.03370 0.11308 0.00050 0.12406 0.00599 0.00175 0.00175 0.00549 0.00175 0.00250 0.00225 0.00300 0.00000 0.13904 
2 45 0.06584 0.00284 0.00183 0.00447 0.00406 0.00386 0.02418 0.02154 0.03881 0.06503 0.00020 0.07397 0.00264 0.02947 0.00325 0.02439 0.02378 0.02459 0.04674 0.00305 0.01951 0.00630 0.00508 0.00630 0.01951 0.00305 0.04674 0.02439 0.02398 0.02418 0.00325 0.02967 0.00244 0.07539 0.00020 0.06523 0.03841 0.02195 0.02398 0.00386 0.00427 0.00427 0.00183 0.00284 0.00000 0.07885 
2 45 0.06705 0.00524 0.01310 0.01729 0.00838 0.01519 0.01545 0.01676 0.01414 0.03353 0.00236 0.08827 0.01048 0.01912 0.00498 0.01624 0.00681 0.00786 0.01414 0.00681 0.01126 0.00969 0.08015 0.00655 0.01048 0.00760 0.02226 0.01074 0.00760 0.02174 0.01467 0.03353 0.01414 0.15060 0.00367 0.03955 0.01624 0.01702 0.01231 0.01362 0.00969 0.01048 0.01467 0.00655 0.00183 0.07019 
2 45 0.07875 0.00693 0.01132 0.01201 0.00624 0.01062 0.00993 0.01039 0.00808 0.01848 0.00208 0.07298 0.01155 0.03279 0.01132 0.01524 0.00762 0.00924 0.01871 0.00370 0.00739 0.00624 0.03695 0.00600 0.01201 0.00577 0.02725 0.01409 0.01109 0.02194 0.02079 0.04596 0.01455 0.15797 0.00208 0.04319 0.01778 0.02333 0.01686 0.01801 0.00855 0.02356 0.01917 0.00785 0.00277 0.07090 
