600 
1 5 0.21765 0.06998 0.41788 0.06170 0.04970 0.18309 
1 5 0.18005 0.01036 0.61917 0.01036 0.00648 0.17358 
1 5 0.36111 0.00889 0.26000 0.00889 0.00556 0.35556 
1 5 0.25000 0.00766 0.48467 0.00766 0.00479 0.24521 
1 5 0.19192 0.07452 0.48822 0.03726 0.05659 0.15149 
1 5 0.23364 0.04449 0.47187 0.03530 0.06458 0.15011 
1 5 0.19513 0.07536 0.45501 0.07851 0.07077 0.12521 
1 5 0.23893 0.03811 0.43151 0.04669 0.07484 0.16993 
1 5 0.21694 0.06885 0.46064 0.07976 0.03196 0.14186 
1 5 0.23252 0.06503 0.40035 0.07133 0.06469 0.16608 
1 5 0.17417 0.00948 0.63270 0.00948 0.00592 0.16825 
1 5 0.32861 0.01031 0.32216 0.01031 0.00644 0.32216 
1 5 0.12555 0.00873 0.73144 0.00873 0.00546 0.12009 
1 5 0.38520 0.08264 0.36954 0.05332 0.02433 0.08497 
1 5 0.24888 0.08204 0.39917 0.11272 0.02447 0.13271 
1 5 0.30024 0.02783 0.39096 0.08670 0.00642 0.18785 
1 5 0.31382 0.09415 0.32193 0.04690 0.02927 0.19394 
1 5 0.05562 0.20091 0.58381 0.06092 0.06167 0.03708 
1 5 0.36097 0.11158 0.21476 0.04617 0.05806 0.20846 
1 5 0.30290 0.08106 0.18814 0.04608 0.10452 0.27730 
1 5 0.23224 0.07645 0.45366 0.04291 0.03137 0.16336 
1 5 0.06490 0.04244 0.65690 0.04628 0.01588 0.17360 
1 5 0.10227 0.01010 0.77525 0.01010 0.00631 0.09596 
1 5 0.30457 0.05727 0.26553 0.09297 0.04537 0.23429 
1 5 0.34283 0.03923 0.28713 0.01098 0.00628 0.31355 
1 10 0.20394 0.01371 0.03942 0.03056 0.07198 0.34590 0.02771 0.03399 0.01514 0.03456 0.18309 
1 10 0.17746 0.00259 0.00777 0.00259 0.00389 0.61528 0.00259 0.00777 0.00259 0.00389 0.17358 
1 10 0.35889 0.00222 0.00667 0.00222 0.00333 0.25667 0.00222 0.00667 0.00222 0.00333 0.35556 
1 10 0.24808 0.00192 0.00575 0.00192 0.00287 0.48180 0.00192 0.00575 0.00192 0.00287 0.24521 
1 10 0.17364 0.01828 0.03831 0.03620 0.08366 0.40457 0.00773 0.02953 0.02496 0.03163 0.15149 
1 10 0.20982 0.02382 0.03272 0.01177 0.02669 0.44518 0.01033 0.02497 0.01808 0.04650 0.15011 
1 10 0.16418 0.03095 0.05014 0.02521 0.03840 0.41662 0.03438 0.04413 0.02178 0.04900 0.12521 
1 10 0.21559 0.02334 0.03021 0.00790 0.00927 0.42225 0.01270 0.03399 0.02506 0.04978 0.16993 
1 10 0.19771 0.01923 0.04105 0.02780 0.06287 0.39777 0.03533 0.04443 0.01221 0.01975 0.14186 
1 10 0.21224 0.02028 0.04545 0.01958 0.02028 0.38007 0.03182 0.03951 0.02238 0.04231 0.16608 
1 10 0.17180 0.00237 0.00711 0.00237 0.00355 0.62915 0.00237 0.00711 0.00237 0.00355 0.16825 
1 10 0.32603 0.00258 0.00773 0.00258 0.00387 0.31830 0.00258 0.00773 0.00258 0.00387 0.32216 
1 10 0.12336 0.00218 0.00655 0.00218 0.00328 0.72817 0.00218 0.00655 0.00218 0.00328 0.12009 
1 10 0.26125 0.12396 0.07264 0.01000 0.01166 0.35788 0.01799 0.03532 0.01599 0.00833 0.08497 
1 10 0.21027 0.03861 0.05550 0.02654 0.02620 0.37297 0.06205 0.05067 0.01379 0.01069 0.13271 
1 10 0.28285 0.01739 0.00428 0.02355 0.06556 0.32539 0.07814 0.00856 0.00642 0.03773 0.15012 
1 10 0.27433 0.03949 0.05219 0.04196 0.06382 0.25811 0.01551 0.03138 0.01657 0.01269 0.19394 
1 10 0.04729 0.00832 0.10102 0.09989 0.17972 0.40409 0.02119 0.03973 0.02913 0.03254 0.03708 
1 10 0.31340 0.04757 0.07625 0.03533 0.03917 0.17559 0.00769 0.03847 0.02868 0.02938 0.20846 
1 10 0.29394 0.00896 0.03882 0.04224 0.04181 0.14633 0.00939 0.03669 0.04309 0.06143 0.27730 
1 10 0.21493 0.01731 0.04183 0.03462 0.05554 0.39812 0.01046 0.03246 0.01839 0.01298 0.16336 
1 10 0.05887 0.00602 0.00465 0.03779 0.18784 0.46906 0.04162 0.00465 0.01588 0.08872 0.08488 
1 10 0.09975 0.00253 0.00758 0.00253 0.00379 0.77146 0.00253 0.00758 0.00253 0.00379 0.09596 
1 10 0.28300 0.02157 0.03496 0.02231 0.02083 0.24470 0.03942 0.05355 0.01859 0.02678 0.23429 
1 10 0.33473 0.00811 0.00262 0.03661 0.10905 0.17809 0.00758 0.00340 0.00628 0.05832 0.25523 
1 15 0.19509 0.01400 0.00857 0.02771 0.01514 0.02714 0.04799 0.32419 0.04570 0.02628 0.01200 0.02342 0.00686 0.02742 0.01542 0.18309 
1 15 0.17487 0.00259 0.00259 0.00648 0.00259 0.00130 0.00389 0.61140 0.00389 0.00130 0.00259 0.00648 0.00259 0.00259 0.00130 0.17358 
1 15 0.35667 0.00222 0.00222 0.00556 0.00222 0.00111 0.00333 0.25333 0.00333 0.00111 0.00222 0.00556 0.00222 0.00222 0.00111 0.35556 
1 15 0.24617 0.00192 0.00192 0.00479 0.00192 0.00096 0.00287 0.47893 0.00287 0.00096 0.00192 0.00479 0.00192 0.00192 0.00096 0.24521 
1 15 0.16028 0.02179 0.00984 0.02707 0.01687 0.03058 0.05448 0.42601 0.00773 0.00633 0.00773 0.02320 0.01406 0.02707 0.01547 0.15149 
1 15 0.18312 0.03846 0.01206 0.02612 0.00832 0.01005 0.01808 0.43485 0.01894 0.00918 0.00631 0.01980 0.00832 0.03473 0.02153 0.15011 
1 15 0.14183 0.03324 0.02006 0.04097 0.01519 0.01920 0.02751 0.36447 0.06304 0.03123 0.01748 0.02980 0.01175 0.03582 0.02321 0.12521 
1 15 0.19224 0.03399 0.01270 0.02472 0.00721 0.00618 0.00721 0.40508 0.01922 0.01099 0.00721 0.02849 0.01407 0.03639 0.02437 0.16993 
1 15 0.16965 0.03871 0.00857 0.02858 0.01663 0.02364 0.04495 0.35931 0.05638 0.02988 0.01975 0.03014 0.00857 0.01455 0.00883 0.14186 
1 15 0.18951 0.03112 0.01189 0.03497 0.01573 0.01434 0.01503 0.31958 0.06573 0.03042 0.01224 0.02867 0.01189 0.03077 0.02203 0.16608 
1 15 0.16943 0.00237 0.00237 0.00592 0.00237 0.00118 0.00355 0.62559 0.00355 0.00118 0.00237 0.00592 0.00237 0.00237 0.00118 0.16825 
1 15 0.32345 0.00258 0.00258 0.00644 0.00258 0.00129 0.00387 0.31443 0.00387 0.00129 0.00258 0.00644 0.00258 0.00258 0.00129 0.32216 
1 15 0.12118 0.00218 0.00218 0.00546 0.00218 0.00109 0.00328 0.72489 0.00328 0.00109 0.00218 0.00546 0.00218 0.00218 0.00109 0.12009 
1 15 0.17661 0.15128 0.05731 0.06698 0.00700 0.00866 0.00766 0.34189 0.01999 0.01533 0.00966 0.02832 0.01599 0.00700 0.00133 0.08497 
1 15 0.17580 0.05033 0.02275 0.04309 0.01930 0.01965 0.01620 0.33885 0.04412 0.04274 0.03585 0.03413 0.01103 0.00896 0.00448 0.13271 
1 15 0.02890 0.00803 0.00375 0.01311 0.01097 0.03345 0.07145 0.28606 0.05967 0.02328 0.00375 0.00642 0.02141 0.05004 0.11640 0.26331 
1 15 0.23096 0.06594 0.01693 0.04020 0.02151 0.03244 0.04267 0.26234 0.01693 0.01410 0.00776 0.02504 0.01234 0.01199 0.00494 0.19394 
1 15 0.04502 0.00303 0.00757 0.06432 0.04919 0.08740 0.11389 0.46425 0.00568 0.01967 0.01286 0.02838 0.01589 0.03103 0.01476 0.03708 
1 15 0.26478 0.06995 0.02623 0.05911 0.02448 0.02798 0.02518 0.18293 0.00665 0.00560 0.00769 0.03288 0.02239 0.02099 0.01469 0.20846 
1 15 0.28413 0.01237 0.00640 0.02816 0.02218 0.03072 0.02730 0.15401 0.00683 0.00768 0.00555 0.03285 0.02389 0.05247 0.02816 0.27730 
1 15 0.19437 0.02777 0.01010 0.02957 0.02308 0.02380 0.03678 0.41075 0.00613 0.00721 0.00974 0.02596 0.01551 0.01010 0.00577 0.16336 
1 15 0.31900 0.03724 0.00739 0.00164 0.01588 0.04354 0.08571 0.04436 0.05750 0.00520 0.00219 0.00329 0.01287 0.02629 0.08187 0.25602 
1 15 0.09722 0.00253 0.00253 0.00631 0.00253 0.00126 0.00379 0.76768 0.00379 0.00126 0.00253 0.00631 0.00253 0.00253 0.00126 0.09596 
1 15 0.25734 0.03607 0.01116 0.02826 0.01078 0.01822 0.01302 0.20565 0.04686 0.03347 0.02269 0.03682 0.01376 0.01748 0.01413 0.23429 
1 15 0.32819 0.01203 0.00262 0.00183 0.01281 0.02458 0.05727 0.10853 0.12134 0.00732 0.00235 0.00131 0.00628 0.03112 0.10591 0.17652 
1 20 0.19195 0.01200 0.01028 0.00343 0.02771 0.01171 0.00400 0.02656 0.04799 0.02399 0.30049 0.04542 0.02628 0.00143 0.01057 0.02342 0.00114 0.01400 0.02542 0.00914 0.18309 
1 20 0.17358 0.00389 0.00130 0.00130 0.00648 0.00130 0.00130 0.00130 0.00389 0.00000 0.61140 0.00389 0.00130 0.00130 0.00130 0.00648 0.00130 0.00130 0.00389 0.00000 0.17358 
1 20 0.35556 0.00333 0.00111 0.00111 0.00556 0.00111 0.00111 0.00111 0.00333 0.00000 0.25333 0.00333 0.00111 0.00111 0.00111 0.00556 0.00111 0.00111 0.00333 0.00000 0.35556 
1 20 0.24521 0.00287 0.00096 0.00096 0.00479 0.00096 0.00096 0.00096 0.00287 0.00000 0.47893 0.00287 0.00096 0.00096 0.00096 0.00479 0.00096 0.00096 0.00287 0.00000 0.24521 
1 20 0.15536 0.01828 0.01441 0.00387 0.02707 0.01125 0.00703 0.02917 0.05448 0.02917 0.39719 0.00738 0.00633 0.00141 0.00633 0.02320 0.00703 0.01793 0.02320 0.00844 0.15149 
1 20 0.17222 0.03760 0.01923 0.00459 0.02612 0.00660 0.00172 0.01005 0.01780 0.00890 0.42681 0.01837 0.00918 0.00115 0.00517 0.01980 0.00115 0.01693 0.03387 0.01263 0.15011 
1 20 0.13553 0.02865 0.02149 0.00946 0.04069 0.00946 0.00630 0.01891 0.02751 0.01089 0.35387 0.06275 0.03123 0.00315 0.01433 0.02980 0.00115 0.02063 0.03181 0.01719 0.12521 
1 20 0.18709 0.02849 0.01922 0.00412 0.02472 0.00549 0.00172 0.00618 0.00721 0.00206 0.40302 0.01922 0.01099 0.00172 0.00549 0.02849 0.00206 0.02300 0.03330 0.01648 0.16993 
1 20 0.15952 0.03819 0.01819 0.00104 0.02858 0.01247 0.00468 0.02312 0.04443 0.01845 0.34165 0.05612 0.02910 0.00624 0.01429 0.03014 0.00156 0.01065 0.01403 0.00572 0.14186 
1 20 0.18531 0.02692 0.01818 0.00210 0.03497 0.01049 0.00559 0.01399 0.01364 0.00664 0.31434 0.06573 0.03042 0.00140 0.01084 0.02867 0.00455 0.01783 0.02692 0.01538 0.16608 
1 20 0.16825 0.00355 0.00118 0.00118 0.00592 0.00118 0.00118 0.00118 0.00355 0.00000 0.62559 0.00355 0.00118 0.00118 0.00118 0.00592 0.00118 0.00118 0.00355 0.00000 0.16825 
1 20 0.32216 0.00387 0.00129 0.00129 0.00644 0.00129 0.00129 0.00129 0.00387 0.00000 0.31443 0.00387 0.00129 0.00129 0.00129 0.00644 0.00129 0.00129 0.00387 0.00000 0.32216 
1 20 0.12009 0.00328 0.00109 0.00109 0.00546 0.00109 0.00109 0.00109 0.00328 0.00000 0.72489 0.00328 0.00109 0.00109 0.00109 0.00546 0.00109 0.00109 0.00328 0.00000 0.12009 
1 20 0.14995 0.11130 0.08930 0.03466 0.06698 0.00566 0.00133 0.00866 0.00733 0.00433 0.33789 0.01999 0.01400 0.00400 0.00700 0.02832 0.00133 0.01466 0.00800 0.00033 0.08497 
1 20 0.16546 0.04481 0.02930 0.00931 0.04309 0.01241 0.00758 0.01896 0.01620 0.01000 0.32885 0.04412 0.04137 0.02068 0.01655 0.03413 0.00414 0.00965 0.00793 0.00276 0.13271 
1 20 0.01980 0.00990 0.00749 0.00375 0.00054 0.01258 0.01097 0.03024 0.03532 0.03960 0.28579 0.04389 0.03425 0.00776 0.00080 0.00642 0.01338 0.02435 0.06208 0.08804 0.26305 
1 20 0.21932 0.05501 0.03315 0.00635 0.04020 0.01199 0.01093 0.03103 0.04267 0.02116 0.24118 0.01693 0.01410 0.00141 0.00635 0.02504 0.00423 0.01234 0.00987 0.00282 0.19394 
1 20 0.04389 0.00341 0.00719 0.00114 0.06432 0.03670 0.02005 0.07983 0.11389 0.06583 0.39841 0.00568 0.01967 0.00151 0.01135 0.02838 0.01135 0.01778 0.02346 0.00908 0.03708 
1 20 0.25359 0.05981 0.04092 0.00665 0.05911 0.01714 0.01084 0.02448 0.02518 0.01399 0.16894 0.00665 0.00560 0.00210 0.00560 0.03288 0.00525 0.02343 0.01924 0.01014 0.20846 
1 20 0.28157 0.01237 0.00768 0.00128 0.02773 0.01109 0.01493 0.02730 0.02730 0.01451 0.13951 0.00683 0.00768 0.00171 0.00384 0.03285 0.01109 0.03200 0.04352 0.01792 0.27730 
1 20 0.18752 0.02741 0.01515 0.00216 0.02957 0.01226 0.01154 0.02308 0.03678 0.01875 0.39235 0.00577 0.00721 0.00325 0.00649 0.02596 0.00721 0.01118 0.01010 0.00288 0.16336 
1 20 0.31791 0.02793 0.01369 0.00438 0.00027 0.01588 0.02629 0.06243 0.05805 0.02683 0.05750 0.00137 0.00383 0.00219 0.00301 0.00164 0.01232 0.02547 0.07311 0.11473 0.15115 
1 20 0.09596 0.00379 0.00126 0.00126 0.00631 0.00126 0.00126 0.00126 0.00379 0.00000 0.76768 0.00379 0.00126 0.00126 0.00126 0.00631 0.00126 0.00126 0.00379 0.00000 0.09596 
1 20 0.24805 0.03496 0.01934 0.00223 0.02826 0.00669 0.00707 0.01525 0.01302 0.00781 0.19821 0.04649 0.03161 0.00781 0.01673 0.03682 0.00595 0.01264 0.01748 0.00930 0.23429 
1 20 0.12134 0.00628 0.00131 0.00340 0.00000 0.00628 0.01334 0.04498 0.12395 0.13128 0.32819 0.00654 0.00549 0.00262 0.00183 0.00078 0.01229 0.02432 0.05073 0.05832 0.05675 
1 25 0.19195 0.00828 0.00514 0.00943 0.00286 0.00686 0.02085 0.01228 0.01371 0.01628 0.03628 0.03570 0.28049 0.03228 0.03313 0.01371 0.01371 0.01085 0.01771 0.00571 0.00114 0.01371 0.00943 0.01628 0.00914 0.18309 
1 25 0.17358 0.00259 0.00130 0.00130 0.00130 0.00130 0.00518 0.00130 0.00259 0.00000 0.00259 0.00130 0.61140 0.00130 0.00259 0.00000 0.00259 0.00130 0.00518 0.00130 0.00130 0.00130 0.00130 0.00259 0.00000 0.17358 
1 25 0.35556 0.00222 0.00111 0.00111 0.00111 0.00111 0.00444 0.00111 0.00222 0.00000 0.00222 0.00111 0.25333 0.00111 0.00222 0.00000 0.00222 0.00111 0.00444 0.00111 0.00111 0.00111 0.00111 0.00222 0.00000 0.35556 
1 25 0.24521 0.00192 0.00096 0.00096 0.00096 0.00096 0.00383 0.00096 0.00192 0.00000 0.00192 0.00096 0.47893 0.00096 0.00192 0.00000 0.00192 0.00096 0.00383 0.00096 0.00096 0.00096 0.00096 0.00192 0.00000 0.24521 
1 25 0.15501 0.01195 0.00808 0.01301 0.00387 0.00633 0.02074 0.01195 0.01617 0.01933 0.03866 0.04499 0.39684 0.00141 0.00633 0.00000 0.00773 0.00598 0.01582 0.00773 0.00562 0.01652 0.01090 0.01511 0.00844 0.15149 
1 25 0.17222 0.02698 0.01206 0.01780 0.00459 0.00918 0.01722 0.00660 0.00746 0.00402 0.01320 0.01349 0.41762 0.01406 0.01349 0.00431 0.00603 0.00517 0.01320 0.00660 0.00115 0.01665 0.01033 0.02382 0.01263 0.15011 
1 25 0.13553 0.01977 0.01089 0.02063 0.00831 0.01519 0.02579 0.01089 0.01519 0.00831 0.02149 0.01691 0.32034 0.05043 0.04585 0.01777 0.01633 0.01433 0.02092 0.00917 0.00115 0.02063 0.01060 0.02120 0.01719 0.12521 
1 25 0.18709 0.01991 0.01030 0.01751 0.00412 0.00961 0.01510 0.00584 0.00584 0.00172 0.00549 0.00378 0.39204 0.01545 0.01476 0.00549 0.00721 0.00549 0.01785 0.01064 0.00206 0.02266 0.01133 0.02231 0.01648 0.16993 
1 25 0.15952 0.02702 0.01143 0.01793 0.00104 0.00779 0.02078 0.01273 0.01403 0.01351 0.03300 0.02988 0.31125 0.04573 0.04079 0.01793 0.01611 0.01559 0.02286 0.00727 0.00104 0.01013 0.00442 0.01065 0.00572 0.14186 
1 25 0.18531 0.01888 0.00874 0.01818 0.00140 0.01119 0.02413 0.01084 0.01538 0.00350 0.01049 0.00979 0.28147 0.05000 0.04860 0.01958 0.01189 0.01084 0.02098 0.00804 0.00455 0.01573 0.00979 0.01993 0.01469 0.16608 
1 25 0.16825 0.00237 0.00118 0.00118 0.00118 0.00118 0.00474 0.00118 0.00237 0.00000 0.00237 0.00118 0.62559 0.00118 0.00237 0.00000 0.00237 0.00118 0.00474 0.00118 0.00118 0.00118 0.00118 0.00237 0.00000 0.16825 
1 25 0.32216 0.00258 0.00129 0.00129 0.00129 0.00129 0.00515 0.00129 0.00258 0.00000 0.00258 0.00129 0.31443 0.00129 0.00258 0.00000 0.00258 0.00129 0.00515 0.00129 0.00129 0.00129 0.00129 0.00258 0.00000 0.32216 
1 25 0.12009 0.00218 0.00109 0.00109 0.00109 0.00109 0.00437 0.00109 0.00218 0.00000 0.00218 0.00109 0.72489 0.00109 0.00218 0.00000 0.00218 0.00109 0.00437 0.00109 0.00109 0.00109 0.00109 0.00218 0.00000 0.12009 
1 25 0.14995 0.07631 0.05165 0.07531 0.03199 0.02899 0.03799 0.00566 0.00833 0.00167 0.00533 0.00633 0.32456 0.01766 0.01566 0.00700 0.01100 0.00700 0.01833 0.01000 0.00133 0.01466 0.00100 0.00700 0.00033 0.08497 
1 25 0.16546 0.03102 0.01655 0.02896 0.00689 0.01413 0.02896 0.01344 0.01861 0.00689 0.01172 0.01448 0.30817 0.03102 0.03378 0.02999 0.02827 0.02034 0.02689 0.00724 0.00414 0.00896 0.00276 0.00586 0.00276 0.13271 
1 25 0.15949 0.02248 0.01097 0.00348 0.00294 0.00134 0.00669 0.00803 0.00883 0.02248 0.03613 0.04629 0.23950 0.04656 0.04228 0.02783 0.01044 0.00562 0.00054 0.00642 0.01311 0.01686 0.02141 0.05138 0.08509 0.10383 
1 25 0.21932 0.03597 0.02116 0.03103 0.00635 0.01164 0.02856 0.01340 0.02045 0.02010 0.03138 0.03244 0.23554 0.00952 0.01305 0.00494 0.01058 0.00635 0.01622 0.00882 0.00423 0.01093 0.00423 0.00705 0.00282 0.19394 
1 25 0.04389 0.00303 0.00114 0.00719 0.00038 0.00681 0.05751 0.03821 0.04805 0.05032 0.08778 0.09194 0.39841 0.00151 0.00416 0.00000 0.02119 0.01135 0.02081 0.00757 0.01135 0.01400 0.01249 0.01476 0.00908 0.03708 
1 25 0.25324 0.04162 0.02169 0.04057 0.00385 0.01959 0.03952 0.01889 0.02064 0.01294 0.01574 0.02343 0.16894 0.00210 0.00455 0.00000 0.00735 0.00595 0.01889 0.01399 0.00455 0.02239 0.00804 0.01329 0.00979 0.20846 
1 25 0.28029 0.00939 0.00427 0.00768 0.00128 0.00640 0.02176 0.01237 0.02218 0.01834 0.01877 0.02304 0.13865 0.00256 0.00512 0.00085 0.00853 0.00384 0.02005 0.01280 0.00939 0.02944 0.01962 0.02816 0.01792 0.27730 
1 25 0.18752 0.01875 0.00865 0.01515 0.00216 0.00721 0.02236 0.01370 0.01767 0.01551 0.02705 0.02849 0.39127 0.00288 0.00397 0.00072 0.00865 0.00721 0.01803 0.00829 0.00649 0.01046 0.00433 0.00721 0.00288 0.16336 
1 25 0.27163 0.04737 0.02793 0.01123 0.00274 0.00411 0.00027 0.01588 0.02601 0.03861 0.03450 0.05093 0.02355 0.02738 0.03039 0.00329 0.00329 0.00055 0.00164 0.00301 0.00767 0.01561 0.01451 0.05778 0.10734 0.17278 
1 25 0.09596 0.00253 0.00126 0.00126 0.00126 0.00126 0.00505 0.00126 0.00253 0.00000 0.00253 0.00126 0.76768 0.00126 0.00253 0.00000 0.00253 0.00126 0.00505 0.00126 0.00126 0.00126 0.00126 0.00253 0.00000 0.09596 
1 25 0.24805 0.02343 0.01190 0.01897 0.00223 0.00855 0.01971 0.00744 0.01822 0.00335 0.00893 0.01190 0.17255 0.03570 0.03644 0.01934 0.01859 0.01822 0.03012 0.00669 0.00446 0.01227 0.00632 0.01302 0.00930 0.23429 
1 25 0.20711 0.00889 0.00392 0.00183 0.00131 0.00131 0.00785 0.01464 0.01412 0.03713 0.06119 0.06747 0.11114 0.01020 0.00628 0.00131 0.00052 0.00288 0.00000 0.00628 0.01334 0.02929 0.05126 0.09859 0.12108 0.12108 
1 30 0.19195 0.00314 0.00885 0.00514 0.00571 0.00286 0.00686 0.02085 0.01171 0.00343 0.01085 0.01628 0.03628 0.01171 0.02399 0.30020 0.01285 0.03285 0.01371 0.01257 0.00143 0.01057 0.01799 0.00543 0.00114 0.00571 0.00828 0.01914 0.00628 0.00914 0.18309 
1 30 0.17358 0.00130 0.00259 0.00000 0.00130 0.00130 0.00130 0.00518 0.00130 0.00130 0.00130 0.00000 0.00259 0.00130 0.00000 0.61140 0.00130 0.00259 0.00000 0.00130 0.00130 0.00130 0.00518 0.00130 0.00130 0.00130 0.00000 0.00259 0.00130 0.00000 0.17358 
1 30 0.35556 0.00111 0.00222 0.00000 0.00111 0.00111 0.00111 0.00444 0.00111 0.00111 0.00111 0.00000 0.00222 0.00111 0.00000 0.25333 0.00111 0.00222 0.00000 0.00111 0.00111 0.00111 0.00444 0.00111 0.00111 0.00111 0.00000 0.00222 0.00111 0.00000 0.35556 
1 30 0.24521 0.00096 0.00192 0.00000 0.00096 0.00096 0.00096 0.00383 0.00096 0.00096 0.00096 0.00000 0.00192 0.00096 0.00000 0.47893 0.00096 0.00192 0.00000 0.00096 0.00096 0.00096 0.00383 0.00096 0.00096 0.00096 0.00000 0.00192 0.00096 0.00000 0.24521 
1 30 0.15501 0.00527 0.01336 0.00844 0.00598 0.00387 0.00633 0.02074 0.01125 0.00562 0.01160 0.01898 0.03866 0.01582 0.02917 0.39684 0.00141 0.00633 0.00000 0.00633 0.00141 0.00633 0.01547 0.00773 0.00562 0.00844 0.01090 0.01617 0.00738 0.00808 0.15149 
1 30 0.17222 0.01091 0.02669 0.01177 0.00775 0.00431 0.00918 0.01693 0.00660 0.00172 0.00603 0.00402 0.01320 0.00488 0.00861 0.42623 0.00545 0.01349 0.00431 0.00488 0.00115 0.00517 0.01320 0.00660 0.00115 0.00718 0.00976 0.02497 0.00890 0.01263 0.15011 
1 30 0.13553 0.00630 0.02235 0.01089 0.01232 0.00774 0.01519 0.02579 0.00917 0.00602 0.01117 0.00802 0.02149 0.00602 0.01089 0.35358 0.01719 0.04585 0.01777 0.01347 0.00315 0.01433 0.02063 0.00917 0.00086 0.01089 0.01003 0.02579 0.00602 0.01719 0.12521 
1 30 0.18709 0.00515 0.02334 0.01064 0.00858 0.00412 0.00961 0.01510 0.00549 0.00172 0.00446 0.00172 0.00549 0.00172 0.00206 0.40302 0.00446 0.01476 0.00549 0.00549 0.00172 0.00549 0.01785 0.01064 0.00137 0.01270 0.01099 0.02540 0.00790 0.01648 0.16993 
1 30 0.15952 0.01013 0.02806 0.01065 0.00753 0.00104 0.00753 0.02104 0.01247 0.00416 0.01039 0.01325 0.03274 0.01221 0.01793 0.34139 0.01559 0.04079 0.01689 0.01299 0.00546 0.01429 0.02286 0.00727 0.00104 0.00753 0.00364 0.01091 0.00312 0.00572 0.14186 
1 30 0.18531 0.00420 0.02273 0.00839 0.01049 0.00140 0.01119 0.02378 0.01049 0.00524 0.01119 0.00315 0.01014 0.00490 0.00524 0.31434 0.01713 0.04860 0.01923 0.01119 0.00140 0.01084 0.02063 0.00804 0.00455 0.00734 0.01049 0.02028 0.00734 0.01469 0.16608 
1 30 0.16825 0.00118 0.00237 0.00000 0.00118 0.00118 0.00118 0.00474 0.00118 0.00118 0.00118 0.00000 0.00237 0.00118 0.00000 0.62559 0.00118 0.00237 0.00000 0.00118 0.00118 0.00118 0.00474 0.00118 0.00118 0.00118 0.00000 0.00237 0.00118 0.00000 0.16825 
1 30 0.32216 0.00129 0.00258 0.00000 0.00129 0.00129 0.00129 0.00515 0.00129 0.00129 0.00129 0.00000 0.00258 0.00129 0.00000 0.31443 0.00129 0.00258 0.00000 0.00129 0.00129 0.00129 0.00515 0.00129 0.00129 0.00129 0.00000 0.00258 0.00129 0.00000 0.32216 
1 30 0.12009 0.00109 0.00218 0.00000 0.00109 0.00109 0.00109 0.00437 0.00109 0.00109 0.00109 0.00000 0.00218 0.00109 0.00000 0.72489 0.00109 0.00218 0.00000 0.00109 0.00109 0.00109 0.00437 0.00109 0.00109 0.00109 0.00000 0.00218 0.00109 0.00000 0.12009 
1 30 0.14995 0.02666 0.08464 0.06664 0.02532 0.03199 0.02899 0.03799 0.00566 0.00133 0.00700 0.00167 0.00533 0.00233 0.00400 0.33789 0.00433 0.01566 0.00700 0.00833 0.00267 0.00700 0.01833 0.01000 0.00100 0.01500 0.00000 0.00700 0.00100 0.00033 0.08497 
1 30 0.16546 0.01034 0.03447 0.01586 0.01586 0.00689 0.01413 0.02896 0.01241 0.00689 0.01344 0.00620 0.01172 0.00448 0.01000 0.32885 0.01034 0.03378 0.02999 0.01275 0.01930 0.01655 0.02689 0.00724 0.00414 0.00689 0.00276 0.00620 0.00172 0.00276 0.13271 
1 30 0.15975 0.01953 0.00937 0.00615 0.00187 0.00294 0.00080 0.00054 0.01258 0.00214 0.00883 0.01686 0.01659 0.03211 0.03934 0.24003 0.04603 0.04228 0.01739 0.01846 0.00482 0.00321 0.00054 0.00642 0.01258 0.00883 0.01632 0.03372 0.03184 0.08456 0.10356 
1 30 0.21932 0.01164 0.04337 0.02257 0.01058 0.00635 0.01164 0.02856 0.01199 0.00952 0.01234 0.02010 0.03138 0.01128 0.02116 0.24118 0.00388 0.01305 0.00494 0.00917 0.00141 0.00635 0.01622 0.00882 0.00423 0.00811 0.00423 0.00776 0.00212 0.00282 0.19394 
1 30 0.04389 0.00114 0.00227 0.00076 0.00719 0.00038 0.00681 0.05751 0.03670 0.01249 0.03784 0.04956 0.08778 0.02611 0.06583 0.39841 0.00151 0.00416 0.00000 0.01967 0.00151 0.01135 0.02081 0.00757 0.01097 0.00492 0.01324 0.01778 0.00568 0.00908 0.03708 
1 30 0.25324 0.01154 0.04862 0.02134 0.02239 0.00385 0.01924 0.03987 0.01714 0.00735 0.01574 0.01224 0.01539 0.00979 0.01399 0.16894 0.00210 0.00455 0.00000 0.00560 0.00210 0.00560 0.01889 0.01399 0.00455 0.01784 0.00630 0.01469 0.00490 0.00979 0.20846 
1 30 0.28029 0.00384 0.00981 0.00256 0.00512 0.00128 0.00640 0.02176 0.01067 0.01152 0.01237 0.01834 0.01877 0.00853 0.01451 0.13951 0.00171 0.00512 0.00085 0.00683 0.00171 0.00384 0.02005 0.01280 0.00939 0.01451 0.01920 0.03328 0.01024 0.01792 0.27730 
1 30 0.18752 0.00685 0.02056 0.00721 0.00793 0.00216 0.00721 0.02236 0.01226 0.01082 0.00902 0.01479 0.02705 0.00974 0.01875 0.39199 0.00216 0.00397 0.00036 0.00685 0.00325 0.00649 0.01767 0.00829 0.00649 0.00902 0.00288 0.00721 0.00288 0.00288 0.16336 
1 30 0.27327 0.04573 0.02738 0.00986 0.00438 0.00301 0.00137 0.00027 0.01588 0.02601 0.01752 0.04518 0.04053 0.02081 0.02355 0.02738 0.03012 0.00137 0.00383 0.00164 0.00055 0.00164 0.00164 0.00137 0.01150 0.01232 0.01396 0.03176 0.05011 0.10597 0.15005 
1 30 0.09596 0.00126 0.00253 0.00000 0.00126 0.00126 0.00126 0.00505 0.00126 0.00126 0.00126 0.00000 0.00253 0.00126 0.00000 0.76768 0.00126 0.00253 0.00000 0.00126 0.00126 0.00126 0.00505 0.00126 0.00126 0.00126 0.00000 0.00253 0.00126 0.00000 0.09596 
1 30 0.24805 0.00930 0.02566 0.01041 0.00893 0.00223 0.00855 0.01971 0.00669 0.00409 0.01488 0.00335 0.00893 0.00409 0.00781 0.19784 0.01041 0.03644 0.01934 0.01413 0.00595 0.01673 0.03012 0.00669 0.00446 0.00930 0.00483 0.01264 0.00483 0.00930 0.23429 
1 30 0.20711 0.00654 0.00549 0.00131 0.00131 0.00131 0.00052 0.00078 0.01203 0.01072 0.01386 0.02746 0.02981 0.05178 0.05675 0.11140 0.00994 0.00628 0.00105 0.00026 0.00209 0.00131 0.00000 0.00628 0.01334 0.01778 0.02720 0.07871 0.05596 0.12055 0.12108 
1 35 0.19195 0.00257 0.00571 0.00514 0.00428 0.00514 0.00286 0.00686 0.02085 0.00143 0.01085 0.00286 0.01171 0.01542 0.03628 0.01171 0.02399 0.28049 0.01999 0.01257 0.03285 0.01171 0.01457 0.00114 0.01057 0.00029 0.01799 0.00543 0.00114 0.00543 0.00828 0.00943 0.01114 0.00514 0.00914 0.18309 
1 35 0.17358 0.00000 0.00259 0.00130 0.00000 0.00130 0.00130 0.00130 0.00518 0.00000 0.00130 0.00130 0.00130 0.00000 0.00259 0.00130 0.00000 0.61140 0.00000 0.00130 0.00259 0.00000 0.00130 0.00130 0.00130 0.00000 0.00518 0.00130 0.00130 0.00130 0.00000 0.00130 0.00259 0.00000 0.00000 0.17358 
1 35 0.35556 0.00000 0.00222 0.00111 0.00000 0.00111 0.00111 0.00111 0.00444 0.00000 0.00111 0.00111 0.00111 0.00000 0.00222 0.00111 0.00000 0.25333 0.00000 0.00111 0.00222 0.00000 0.00111 0.00111 0.00111 0.00000 0.00444 0.00111 0.00111 0.00111 0.00000 0.00111 0.00222 0.00000 0.00000 0.35556 
1 35 0.24521 0.00000 0.00192 0.00096 0.00000 0.00096 0.00096 0.00096 0.00383 0.00000 0.00096 0.00096 0.00096 0.00000 0.00192 0.00096 0.00000 0.47893 0.00000 0.00096 0.00192 0.00000 0.00096 0.00096 0.00096 0.00000 0.00383 0.00096 0.00096 0.00096 0.00000 0.00096 0.00192 0.00000 0.00000 0.24521 
1 35 0.15501 0.00422 0.00773 0.00808 0.00703 0.00598 0.00387 0.00633 0.02074 0.00141 0.01054 0.00527 0.01230 0.01793 0.03866 0.01582 0.02917 0.39684 0.00035 0.00105 0.00633 0.00000 0.00633 0.00141 0.00598 0.00035 0.01547 0.00773 0.00562 0.00703 0.00949 0.01054 0.00984 0.00633 0.00773 0.15149 
1 35 0.17193 0.00947 0.01780 0.01206 0.01033 0.00804 0.00402 0.00918 0.01693 0.00115 0.00574 0.00144 0.00603 0.00402 0.01320 0.00488 0.00861 0.41762 0.00890 0.00517 0.01349 0.00431 0.00488 0.00115 0.00459 0.00057 0.01320 0.00660 0.00115 0.00718 0.00947 0.01033 0.01607 0.00775 0.01263 0.15011 
1 35 0.13496 0.00573 0.01461 0.01089 0.01117 0.01089 0.00688 0.01519 0.02550 0.00086 0.01032 0.00430 0.01117 0.00802 0.02149 0.00602 0.01089 0.32034 0.03352 0.01748 0.04527 0.01777 0.01347 0.00287 0.01261 0.00201 0.02063 0.00917 0.00086 0.01003 0.01089 0.01003 0.01576 0.00659 0.01662 0.12521 
1 35 0.18709 0.00378 0.01613 0.01030 0.00893 0.00858 0.00412 0.00961 0.01510 0.00000 0.00584 0.00137 0.00446 0.00172 0.00549 0.00172 0.00206 0.39204 0.01099 0.00446 0.01476 0.00549 0.00549 0.00172 0.00481 0.00069 0.01785 0.01064 0.00137 0.01133 0.01202 0.01133 0.01510 0.00721 0.01648 0.16993 
1 35 0.15952 0.00909 0.01793 0.01143 0.01039 0.00753 0.00104 0.00753 0.02104 0.00156 0.01117 0.00390 0.01195 0.01169 0.03274 0.01169 0.01845 0.31125 0.03040 0.01559 0.04053 0.01689 0.01273 0.00442 0.01403 0.00156 0.02286 0.00727 0.00104 0.00701 0.00312 0.00416 0.00831 0.00260 0.00572 0.14186 
1 35 0.18462 0.00420 0.01573 0.00839 0.00979 0.00839 0.00140 0.01119 0.02378 0.00175 0.00944 0.00455 0.01119 0.00315 0.01014 0.00350 0.00664 0.28147 0.03287 0.01713 0.04860 0.01818 0.01224 0.00105 0.01084 0.00035 0.02063 0.00804 0.00455 0.00734 0.00874 0.00944 0.01364 0.00699 0.01399 0.16608 
1 35 0.16825 0.00000 0.00237 0.00118 0.00000 0.00118 0.00118 0.00118 0.00474 0.00000 0.00118 0.00118 0.00118 0.00000 0.00237 0.00118 0.00000 0.62559 0.00000 0.00118 0.00237 0.00000 0.00118 0.00118 0.00118 0.00000 0.00474 0.00118 0.00118 0.00118 0.00000 0.00118 0.00237 0.00000 0.00000 0.16825 
1 35 0.32216 0.00000 0.00258 0.00129 0.00000 0.00129 0.00129 0.00129 0.00515 0.00000 0.00129 0.00129 0.00129 0.00000 0.00258 0.00129 0.00000 0.31443 0.00000 0.00129 0.00258 0.00000 0.00129 0.00129 0.00129 0.00000 0.00515 0.00129 0.00129 0.00129 0.00000 0.00129 0.00258 0.00000 0.00000 0.32216 
1 35 0.12009 0.00000 0.00218 0.00109 0.00000 0.00109 0.00109 0.00109 0.00437 0.00000 0.00109 0.00109 0.00109 0.00000 0.00218 0.00109 0.00000 0.72489 0.00000 0.00109 0.00218 0.00000 0.00109 0.00109 0.00109 0.00000 0.00437 0.00109 0.00109 0.00109 0.00000 0.00109 0.00218 0.00000 0.00000 0.12009 
1 35 0.14995 0.02599 0.05032 0.05165 0.05398 0.02133 0.03199 0.02899 0.03799 0.00067 0.00500 0.00133 0.00700 0.00167 0.00533 0.00233 0.00400 0.32456 0.01333 0.00433 0.01566 0.00666 0.00866 0.00267 0.00566 0.00133 0.01833 0.01000 0.00100 0.01500 0.00000 0.00100 0.00700 0.00033 0.00000 0.08497 
1 35 0.16546 0.00931 0.02172 0.01655 0.01758 0.01172 0.00655 0.01413 0.02896 0.00276 0.01069 0.00586 0.01379 0.00586 0.01172 0.00448 0.01000 0.30817 0.02068 0.01034 0.03378 0.02792 0.01482 0.01551 0.01758 0.00276 0.02689 0.00724 0.00345 0.00758 0.00207 0.00276 0.00483 0.00103 0.00276 0.13271 
1 35 0.00749 0.01525 0.00696 0.00589 0.00161 0.00294 0.00080 0.00054 0.00669 0.00589 0.00214 0.00883 0.01632 0.01659 0.02569 0.02997 0.01659 0.23976 0.04603 0.03158 0.01632 0.02221 0.01044 0.00241 0.00348 0.00027 0.00642 0.01231 0.00856 0.00910 0.02141 0.04362 0.02997 0.06288 0.10329 0.15975 
1 35 0.21932 0.01023 0.02574 0.02116 0.02045 0.01058 0.00635 0.01164 0.02856 0.00141 0.01199 0.00811 0.01410 0.01834 0.03138 0.01128 0.02116 0.23554 0.00564 0.00388 0.01305 0.00423 0.00987 0.00141 0.00635 0.00000 0.01622 0.00882 0.00423 0.00811 0.00282 0.00423 0.00635 0.00071 0.00282 0.19394 
1 35 0.04389 0.00076 0.00227 0.00114 0.00151 0.00568 0.00038 0.00681 0.05751 0.01097 0.02724 0.01097 0.04200 0.04540 0.08778 0.02611 0.06583 0.39841 0.00000 0.00151 0.00416 0.00000 0.01967 0.00151 0.01135 0.00000 0.02081 0.00757 0.01097 0.00492 0.00946 0.01173 0.01211 0.00341 0.00908 0.03708 
1 35 0.25324 0.01154 0.03008 0.02169 0.02308 0.01749 0.00385 0.01889 0.04022 0.00804 0.01084 0.00560 0.01784 0.01014 0.01539 0.00979 0.01399 0.16894 0.00000 0.00210 0.00455 0.00000 0.00560 0.00175 0.00595 0.00000 0.01959 0.01329 0.00455 0.01679 0.00560 0.00769 0.00979 0.00385 0.00979 0.20846 
1 35 0.28029 0.00213 0.00725 0.00427 0.00256 0.00512 0.00128 0.00640 0.02133 0.00384 0.00896 0.00981 0.01323 0.01749 0.01877 0.00853 0.01451 0.13823 0.00128 0.00213 0.00469 0.00043 0.00725 0.00171 0.00341 0.00043 0.02005 0.01280 0.00939 0.01152 0.01792 0.01962 0.02005 0.00811 0.01792 0.27730 
1 35 0.18752 0.00541 0.01334 0.00865 0.00865 0.00649 0.00216 0.00721 0.02236 0.00288 0.01082 0.00938 0.00974 0.01406 0.02705 0.00974 0.01875 0.39127 0.00108 0.00180 0.00397 0.00036 0.00685 0.00216 0.00721 0.00036 0.01767 0.00829 0.00577 0.00829 0.00288 0.00433 0.00649 0.00072 0.00288 0.16336 
1 35 0.00110 0.00246 0.00164 0.00164 0.00055 0.00110 0.00192 0.00164 0.00767 0.00465 0.01150 0.01396 0.02711 0.05312 0.08488 0.11035 0.06353 0.27218 0.04573 0.02026 0.01150 0.00739 0.00246 0.00356 0.00082 0.00027 0.01588 0.02601 0.01752 0.02163 0.03395 0.03614 0.01698 0.02136 0.02738 0.03012 
1 35 0.09596 0.00000 0.00253 0.00126 0.00000 0.00126 0.00126 0.00126 0.00505 0.00000 0.00126 0.00126 0.00126 0.00000 0.00253 0.00126 0.00000 0.76768 0.00000 0.00126 0.00253 0.00000 0.00126 0.00126 0.00126 0.00000 0.00505 0.00126 0.00126 0.00126 0.00000 0.00126 0.00253 0.00000 0.00000 0.09596 
1 35 0.24805 0.00781 0.01562 0.01153 0.01116 0.00855 0.00186 0.00855 0.01971 0.00223 0.00521 0.00409 0.01413 0.00335 0.00893 0.00409 0.00781 0.17255 0.02566 0.01004 0.03644 0.01822 0.01488 0.00483 0.01525 0.00298 0.03012 0.00669 0.00446 0.00781 0.00446 0.00632 0.01004 0.00298 0.00930 0.23429 
1 35 0.20711 0.00262 0.00628 0.00314 0.00157 0.00105 0.00105 0.00078 0.00078 0.00785 0.00445 0.01072 0.01360 0.02380 0.03269 0.04184 0.04341 0.02406 0.11140 0.00994 0.00523 0.00209 0.00026 0.00052 0.00262 0.00026 0.00000 0.00628 0.01334 0.01778 0.01177 0.05099 0.07819 0.04472 0.09676 0.12108 
1 40 0.18623 0.00571 0.00314 0.00885 0.00428 0.00600 0.00171 0.00171 0.00686 0.02085 0.00000 0.01171 0.00200 0.00200 0.01228 0.01428 0.03570 0.01228 0.02399 0.00000 0.28049 0.01999 0.01257 0.03285 0.01171 0.01457 0.00086 0.00057 0.01057 0.00000 0.01799 0.00543 0.00000 0.00114 0.00686 0.00714 0.01914 0.00628 0.00914 0.00000 0.18309 
1 40 0.17358 0.00000 0.00130 0.00259 0.00000 0.00130 0.00130 0.00000 0.00130 0.00518 0.00000 0.00130 0.00000 0.00130 0.00130 0.00000 0.00259 0.00130 0.00000 0.00000 0.61140 0.00000 0.00130 0.00259 0.00000 0.00130 0.00130 0.00000 0.00130 0.00000 0.00518 0.00130 0.00000 0.00130 0.00130 0.00000 0.00259 0.00130 0.00000 0.00000 0.17358 
1 40 0.35556 0.00000 0.00111 0.00222 0.00000 0.00111 0.00111 0.00000 0.00111 0.00444 0.00000 0.00111 0.00000 0.00111 0.00111 0.00000 0.00222 0.00111 0.00000 0.00000 0.25333 0.00000 0.00111 0.00222 0.00000 0.00111 0.00111 0.00000 0.00111 0.00000 0.00444 0.00111 0.00000 0.00111 0.00111 0.00000 0.00222 0.00111 0.00000 0.00000 0.35556 
1 40 0.24521 0.00000 0.00096 0.00192 0.00000 0.00096 0.00096 0.00000 0.00096 0.00383 0.00000 0.00096 0.00000 0.00096 0.00096 0.00000 0.00192 0.00096 0.00000 0.00000 0.47893 0.00000 0.00096 0.00192 0.00000 0.00096 0.00096 0.00000 0.00096 0.00000 0.00383 0.00096 0.00000 0.00096 0.00096 0.00000 0.00192 0.00096 0.00000 0.00000 0.24521 
1 40 0.15220 0.00316 0.00492 0.01336 0.00562 0.00879 0.00176 0.00211 0.00598 0.02109 0.00000 0.01125 0.00316 0.00387 0.01230 0.01687 0.03866 0.01582 0.02917 0.00000 0.39684 0.00035 0.00105 0.00633 0.00000 0.00633 0.00141 0.00000 0.00598 0.00035 0.01582 0.00738 0.00387 0.00316 0.00984 0.00808 0.01617 0.00703 0.00844 0.00000 0.15149 
1 40 0.15586 0.01636 0.01091 0.02669 0.01119 0.00804 0.00287 0.00172 0.00918 0.01693 0.00029 0.00631 0.00029 0.00144 0.00603 0.00402 0.01320 0.00459 0.00890 0.00000 0.41762 0.00918 0.00488 0.01349 0.00431 0.00488 0.00115 0.00000 0.00517 0.00000 0.01320 0.00660 0.00000 0.00115 0.00804 0.00890 0.02497 0.00890 0.01263 0.00000 0.15011 
1 40 0.12092 0.01461 0.00630 0.02235 0.00946 0.01203 0.00544 0.00401 0.01519 0.02550 0.00029 0.00917 0.00344 0.00287 0.01175 0.00716 0.02120 0.00630 0.01089 0.00000 0.32034 0.03352 0.01748 0.04527 0.01777 0.01347 0.00172 0.00143 0.01404 0.00029 0.02092 0.00888 0.00086 0.00029 0.01117 0.00946 0.02579 0.00602 0.01719 0.00000 0.12521 
1 40 0.17336 0.01373 0.00515 0.02334 0.00927 0.00996 0.00206 0.00206 0.00961 0.01510 0.00000 0.00549 0.00069 0.00103 0.00446 0.00172 0.00549 0.00172 0.00206 0.00000 0.39204 0.01099 0.00446 0.01476 0.00549 0.00549 0.00172 0.00000 0.00549 0.00000 0.01785 0.01064 0.00000 0.00206 0.01270 0.01030 0.02540 0.00790 0.01648 0.00000 0.16993 
1 40 0.13874 0.02078 0.01013 0.02806 0.01065 0.00753 0.00078 0.00026 0.00727 0.02130 0.00000 0.01247 0.00182 0.00286 0.01169 0.01143 0.03274 0.01169 0.01845 0.00000 0.31125 0.03040 0.01559 0.04053 0.01585 0.01325 0.00338 0.00286 0.01429 0.00000 0.02286 0.00727 0.00052 0.00104 0.00727 0.00338 0.01091 0.00312 0.00572 0.00000 0.14186 
1 40 0.16923 0.01608 0.00420 0.02273 0.00804 0.01014 0.00175 0.00035 0.01084 0.02413 0.00000 0.01049 0.00210 0.00350 0.01154 0.00245 0.01014 0.00350 0.00664 0.00000 0.28147 0.03287 0.01713 0.04860 0.01818 0.01224 0.00105 0.00035 0.01049 0.00035 0.02063 0.00804 0.00280 0.00175 0.00874 0.00909 0.02028 0.00664 0.01538 0.00000 0.16608 
1 40 0.16825 0.00000 0.00118 0.00237 0.00000 0.00118 0.00118 0.00000 0.00118 0.00474 0.00000 0.00118 0.00000 0.00118 0.00118 0.00000 0.00237 0.00118 0.00000 0.00000 0.62559 0.00000 0.00118 0.00237 0.00000 0.00118 0.00118 0.00000 0.00118 0.00000 0.00474 0.00118 0.00000 0.00118 0.00118 0.00000 0.00237 0.00118 0.00000 0.00000 0.16825 
1 40 0.32216 0.00000 0.00129 0.00258 0.00000 0.00129 0.00129 0.00000 0.00129 0.00515 0.00000 0.00129 0.00000 0.00129 0.00129 0.00000 0.00258 0.00129 0.00000 0.00000 0.31443 0.00000 0.00129 0.00258 0.00000 0.00129 0.00129 0.00000 0.00129 0.00000 0.00515 0.00129 0.00000 0.00129 0.00129 0.00000 0.00258 0.00129 0.00000 0.00000 0.32216 
1 40 0.12009 0.00000 0.00109 0.00218 0.00000 0.00109 0.00109 0.00000 0.00109 0.00437 0.00000 0.00109 0.00000 0.00109 0.00109 0.00000 0.00218 0.00109 0.00000 0.00000 0.72489 0.00000 0.00109 0.00218 0.00000 0.00109 0.00109 0.00000 0.00109 0.00000 0.00437 0.00109 0.00000 0.00109 0.00109 0.00000 0.00218 0.00109 0.00000 0.00000 0.12009 
1 40 0.08730 0.06265 0.02666 0.08464 0.04932 0.03999 0.01033 0.02433 0.02899 0.03799 0.00000 0.00566 0.00000 0.00133 0.00700 0.00167 0.00533 0.00200 0.00433 0.00000 0.32456 0.01333 0.00433 0.01566 0.00666 0.00733 0.00267 0.00133 0.00700 0.00000 0.01833 0.01000 0.00000 0.00133 0.01466 0.00000 0.00666 0.00133 0.00033 0.00000 0.08497 
1 40 0.13719 0.02827 0.01034 0.03447 0.01517 0.01413 0.00517 0.00414 0.01413 0.02896 0.00000 0.01241 0.00310 0.00448 0.01379 0.00517 0.01172 0.00448 0.01000 0.00000 0.30817 0.02068 0.01034 0.03378 0.02103 0.02034 0.00793 0.01275 0.01655 0.00000 0.02689 0.00724 0.00138 0.00276 0.00758 0.00207 0.00620 0.00172 0.00276 0.00000 0.13271 
1 40 0.00027 0.01953 0.00321 0.00669 0.00615 0.00134 0.00294 0.00080 0.00054 0.00000 0.00669 0.00589 0.00214 0.00883 0.01070 0.01953 0.01873 0.01659 0.03934 0.00027 0.23976 0.04603 0.02168 0.02221 0.02408 0.01017 0.00482 0.00294 0.00080 0.00000 0.00642 0.00696 0.00642 0.00830 0.01606 0.01927 0.04282 0.04710 0.04094 0.10329 0.15975 
1 40 0.19111 0.02821 0.01164 0.04337 0.01904 0.01410 0.00317 0.00317 0.01164 0.02856 0.00000 0.01199 0.00564 0.00529 0.01551 0.01551 0.03138 0.01128 0.02116 0.00000 0.23554 0.00564 0.00388 0.01305 0.00423 0.00987 0.00141 0.00000 0.00635 0.00000 0.01622 0.00882 0.00212 0.00212 0.00952 0.00282 0.00776 0.00212 0.00282 0.00000 0.19394 
1 40 0.04162 0.00227 0.00114 0.00227 0.00076 0.00643 0.00114 0.00000 0.00681 0.05751 0.00000 0.03670 0.00984 0.01022 0.03670 0.04313 0.08778 0.02611 0.06583 0.00000 0.39841 0.00000 0.00151 0.00416 0.00000 0.01967 0.00151 0.00000 0.01135 0.00000 0.02081 0.00757 0.00643 0.00492 0.00795 0.00984 0.01740 0.00605 0.00908 0.00000 0.03708 
1 40 0.20916 0.04442 0.01119 0.04862 0.02134 0.01959 0.00385 0.00280 0.01889 0.04022 0.00000 0.01714 0.00525 0.00560 0.01504 0.00944 0.01504 0.01014 0.01399 0.00000 0.16894 0.00000 0.00210 0.00455 0.00000 0.00560 0.00175 0.00035 0.00560 0.00000 0.01959 0.01329 0.00245 0.00280 0.01819 0.00525 0.01434 0.00490 0.01014 0.00000 0.20846 
1 40 0.27688 0.00469 0.00256 0.00981 0.00256 0.00512 0.00128 0.00000 0.00640 0.02133 0.00043 0.01067 0.00811 0.00683 0.01323 0.01408 0.01877 0.00853 0.01451 0.00000 0.13865 0.00085 0.00213 0.00469 0.00000 0.00768 0.00171 0.00000 0.00384 0.00000 0.02005 0.01280 0.00597 0.00512 0.01749 0.01451 0.03328 0.01024 0.01792 0.00000 0.27730 
1 40 0.17166 0.01587 0.00685 0.02056 0.00721 0.00793 0.00144 0.00072 0.00721 0.02236 0.00000 0.01226 0.00505 0.00649 0.01046 0.01262 0.02705 0.00974 0.01875 0.00000 0.39127 0.00108 0.00180 0.00397 0.00036 0.00685 0.00216 0.00108 0.00613 0.00036 0.01767 0.00829 0.00288 0.00433 0.00902 0.00216 0.00721 0.00288 0.00288 0.00000 0.16336 
1 40 0.00027 0.00110 0.00301 0.00082 0.00164 0.00055 0.00110 0.00192 0.00164 0.00000 0.00767 0.00465 0.01150 0.01396 0.01862 0.05449 0.06654 0.04819 0.15005 0.00110 0.27218 0.04573 0.01013 0.01780 0.01123 0.00246 0.00246 0.00192 0.00027 0.00000 0.01588 0.01068 0.01561 0.01752 0.04491 0.02738 0.03067 0.00986 0.01698 0.02738 0.03012 
1 40 0.09596 0.00000 0.00126 0.00253 0.00000 0.00126 0.00126 0.00000 0.00126 0.00505 0.00000 0.00126 0.00000 0.00126 0.00126 0.00000 0.00253 0.00126 0.00000 0.00000 0.76768 0.00000 0.00126 0.00253 0.00000 0.00126 0.00126 0.00000 0.00126 0.00000 0.00505 0.00126 0.00000 0.00126 0.00126 0.00000 0.00253 0.00126 0.00000 0.00000 0.09596 
1 40 0.23392 0.01413 0.00930 0.02566 0.00930 0.01004 0.00186 0.00037 0.00855 0.01971 0.00000 0.00669 0.00223 0.00483 0.01190 0.00335 0.00893 0.00409 0.00781 0.00000 0.17255 0.02566 0.01004 0.03644 0.01673 0.01488 0.00446 0.00335 0.01673 0.00000 0.03012 0.00669 0.00260 0.00335 0.00781 0.00483 0.01227 0.00521 0.00930 0.00000 0.23429 
1 40 0.20711 0.00000 0.00654 0.00288 0.00262 0.00157 0.00105 0.00105 0.00078 0.00078 0.00000 0.00785 0.00445 0.01072 0.01360 0.01621 0.03452 0.03007 0.02824 0.05675 0.00000 0.11166 0.00968 0.00209 0.00418 0.00131 0.00000 0.00209 0.00131 0.00000 0.00000 0.00628 0.00706 0.00628 0.01778 0.02720 0.04419 0.07976 0.06015 0.07113 0.12108 
1 45 0.18623 0.00571 0.00314 0.00600 0.00428 0.00371 0.00514 0.00286 0.00057 0.00686 0.00000 0.02085 0.00143 0.01085 0.00286 0.01028 0.00257 0.01428 0.03570 0.01114 0.00114 0.02399 0.28049 0.01971 0.00229 0.01057 0.03285 0.01171 0.00200 0.01257 0.00143 0.01028 0.00029 0.01771 0.00029 0.00543 0.00000 0.00114 0.00571 0.00800 0.00714 0.01228 0.00628 0.00914 0.00000 0.18309 
1 45 0.17358 0.00000 0.00130 0.00259 0.00000 0.00000 0.00130 0.00130 0.00000 0.00130 0.00000 0.00518 0.00000 0.00130 0.00130 0.00130 0.00000 0.00000 0.00259 0.00130 0.00000 0.00000 0.61140 0.00000 0.00000 0.00130 0.00259 0.00000 0.00000 0.00130 0.00130 0.00130 0.00000 0.00518 0.00000 0.00130 0.00000 0.00130 0.00130 0.00000 0.00000 0.00259 0.00130 0.00000 0.00000 0.17358 
1 45 0.35556 0.00000 0.00111 0.00222 0.00000 0.00000 0.00111 0.00111 0.00000 0.00111 0.00000 0.00444 0.00000 0.00111 0.00111 0.00111 0.00000 0.00000 0.00222 0.00111 0.00000 0.00000 0.25333 0.00000 0.00000 0.00111 0.00222 0.00000 0.00000 0.00111 0.00111 0.00111 0.00000 0.00444 0.00000 0.00111 0.00000 0.00111 0.00111 0.00000 0.00000 0.00222 0.00111 0.00000 0.00000 0.35556 
