600
1 5 0.21765 0.06998 0.41788 0.06170 0.04970 0.18309 
1 5 0.18005 0.01036 0.61917 0.01036 0.00648 0.17358 
1 5 0.36111 0.00889 0.26000 0.00889 0.00556 0.35556 
1 5 0.25000 0.00766 0.48467 0.00766 0.00479 0.24521 
1 5 0.19192 0.07452 0.48822 0.03726 0.05659 0.15149 
1 5 0.23364 0.04449 0.47187 0.03530 0.06458 0.15011 
1 5 0.19513 0.07536 0.45501 0.07851 0.07077 0.12521 
1 5 0.23893 0.03811 0.43151 0.04669 0.07484 0.16993 
1 5 0.21694 0.06885 0.46064 0.07976 0.03196 0.14186 
1 5 0.23252 0.06503 0.40035 0.07133 0.06469 0.16608 
1 5 0.17417 0.00948 0.63270 0.00948 0.00592 0.16825 
1 5 0.32861 0.01031 0.32216 0.01031 0.00644 0.32216 
1 5 0.12555 0.00873 0.73144 0.00873 0.00546 0.12009 
1 5 0.38520 0.08264 0.36954 0.05332 0.02433 0.08497 
1 5 0.24888 0.08204 0.39917 0.11272 0.02447 0.13271 
1 5 0.30024 0.02783 0.39096 0.08670 0.00642 0.18785 
1 5 0.31382 0.09415 0.32193 0.04690 0.02927 0.19394 
1 5 0.05562 0.20091 0.58381 0.06092 0.06167 0.03708 
1 5 0.36097 0.11158 0.21476 0.04617 0.05806 0.20846 
1 5 0.30290 0.08106 0.18814 0.04608 0.10452 0.27730 
1 5 0.23224 0.07645 0.45366 0.04291 0.03137 0.16336 
1 5 0.06490 0.04244 0.65690 0.04628 0.01588 0.17360 
1 5 0.10227 0.01010 0.77525 0.01010 0.00631 0.09596 
1 5 0.30457 0.05727 0.26553 0.09297 0.04537 0.23429 
1 5 0.34283 0.03923 0.28713 0.01098 0.00628 0.31355 
1 10 0.20394 0.01371 0.03942 0.03056 0.07198 0.34590 0.02771 0.03399 0.01514 0.03456 0.18309 
1 10 0.17746 0.00259 0.00777 0.00259 0.00389 0.61528 0.00259 0.00777 0.00259 0.00389 0.17358 
1 10 0.35889 0.00222 0.00667 0.00222 0.00333 0.25667 0.00222 0.00667 0.00222 0.00333 0.35556 
1 10 0.24808 0.00192 0.00575 0.00192 0.00287 0.48180 0.00192 0.00575 0.00192 0.00287 0.24521 
1 10 0.17364 0.01828 0.03831 0.03620 0.08366 0.40457 0.00773 0.02953 0.02496 0.03163 0.15149 
1 10 0.20982 0.02382 0.03272 0.01177 0.02669 0.44518 0.01033 0.02497 0.01808 0.04650 0.15011 
1 10 0.16418 0.03095 0.05014 0.02521 0.03840 0.41662 0.03438 0.04413 0.02178 0.04900 0.12521 
1 10 0.21559 0.02334 0.03021 0.00790 0.00927 0.42225 0.01270 0.03399 0.02506 0.04978 0.16993 
1 10 0.19771 0.01923 0.04105 0.02780 0.06287 0.39777 0.03533 0.04443 0.01221 0.01975 0.14186 
1 10 0.21224 0.02028 0.04545 0.01958 0.02028 0.38007 0.03182 0.03951 0.02238 0.04231 0.16608 
1 10 0.17180 0.00237 0.00711 0.00237 0.00355 0.62915 0.00237 0.00711 0.00237 0.00355 0.16825 
1 10 0.32603 0.00258 0.00773 0.00258 0.00387 0.31830 0.00258 0.00773 0.00258 0.00387 0.32216 
1 10 0.12336 0.00218 0.00655 0.00218 0.00328 0.72817 0.00218 0.00655 0.00218 0.00328 0.12009 
1 10 0.26125 0.12396 0.07264 0.01000 0.01166 0.35788 0.01799 0.03532 0.01599 0.00833 0.08497 
1 10 0.21027 0.03861 0.05550 0.02654 0.02620 0.37297 0.06205 0.05067 0.01379 0.01069 0.13271 
1 10 0.28285 0.01739 0.00428 0.02355 0.06556 0.32539 0.07814 0.00856 0.00642 0.03773 0.15012 
1 10 0.27433 0.03949 0.05219 0.04196 0.06382 0.25811 0.01551 0.03138 0.01657 0.01269 0.19394 
1 10 0.04729 0.00832 0.10102 0.09989 0.17972 0.40409 0.02119 0.03973 0.02913 0.03254 0.03708 
1 10 0.31340 0.04757 0.07625 0.03533 0.03917 0.17559 0.00769 0.03847 0.02868 0.02938 0.20846 
1 10 0.29394 0.00896 0.03882 0.04224 0.04181 0.14633 0.00939 0.03669 0.04309 0.06143 0.27730 
1 10 0.21493 0.01731 0.04183 0.03462 0.05554 0.39812 0.01046 0.03246 0.01839 0.01298 0.16336 
1 10 0.05887 0.00602 0.00465 0.03779 0.18784 0.46906 0.04162 0.00465 0.01588 0.08872 0.08488 
1 10 0.09975 0.00253 0.00758 0.00253 0.00379 0.77146 0.00253 0.00758 0.00253 0.00379 0.09596 
1 10 0.28300 0.02157 0.03496 0.02231 0.02083 0.24470 0.03942 0.05355 0.01859 0.02678 0.23429 
1 10 0.33473 0.00811 0.00262 0.03661 0.10905 0.17809 0.00758 0.00340 0.00628 0.05832 0.25523 
1 15 0.19509 0.01400 0.00857 0.02771 0.01514 0.02714 0.04799 0.32419 0.04570 0.02628 0.01200 0.02342 0.00686 0.02742 0.01542 0.18309 
1 15 0.17487 0.00259 0.00259 0.00648 0.00259 0.00130 0.00389 0.61140 0.00389 0.00130 0.00259 0.00648 0.00259 0.00259 0.00130 0.17358 
1 15 0.35667 0.00222 0.00222 0.00556 0.00222 0.00111 0.00333 0.25333 0.00333 0.00111 0.00222 0.00556 0.00222 0.00222 0.00111 0.35556 
1 15 0.24617 0.00192 0.00192 0.00479 0.00192 0.00096 0.00287 0.47893 0.00287 0.00096 0.00192 0.00479 0.00192 0.00192 0.00096 0.24521 
1 15 0.16028 0.02179 0.00984 0.02707 0.01687 0.03058 0.05448 0.42601 0.00773 0.00633 0.00773 0.02320 0.01406 0.02707 0.01547 0.15149 
1 15 0.18312 0.03846 0.01206 0.02612 0.00832 0.01005 0.01808 0.43485 0.01894 0.00918 0.00631 0.01980 0.00832 0.03473 0.02153 0.15011 
1 15 0.14183 0.03324 0.02006 0.04097 0.01519 0.01920 0.02751 0.36447 0.06304 0.03123 0.01748 0.02980 0.01175 0.03582 0.02321 0.12521 
1 15 0.19224 0.03399 0.01270 0.02472 0.00721 0.00618 0.00721 0.40508 0.01922 0.01099 0.00721 0.02849 0.01407 0.03639 0.02437 0.16993 
1 15 0.16965 0.03871 0.00857 0.02858 0.01663 0.02364 0.04495 0.35931 0.05638 0.02988 0.01975 0.03014 0.00857 0.01455 0.00883 0.14186 
1 15 0.18951 0.03112 0.01189 0.03497 0.01573 0.01434 0.01503 0.31958 0.06573 0.03042 0.01224 0.02867 0.01189 0.03077 0.02203 0.16608 
1 15 0.16943 0.00237 0.00237 0.00592 0.00237 0.00118 0.00355 0.62559 0.00355 0.00118 0.00237 0.00592 0.00237 0.00237 0.00118 0.16825 
1 15 0.32345 0.00258 0.00258 0.00644 0.00258 0.00129 0.00387 0.31443 0.00387 0.00129 0.00258 0.00644 0.00258 0.00258 0.00129 0.32216 
1 15 0.12118 0.00218 0.00218 0.00546 0.00218 0.00109 0.00328 0.72489 0.00328 0.00109 0.00218 0.00546 0.00218 0.00218 0.00109 0.12009 
1 15 0.17661 0.15128 0.05731 0.06698 0.00700 0.00866 0.00766 0.34189 0.01999 0.01533 0.00966 0.02832 0.01599 0.00700 0.00133 0.08497 
1 15 0.17580 0.05033 0.02275 0.04309 0.01930 0.01965 0.01620 0.33885 0.04412 0.04274 0.03585 0.03413 0.01103 0.00896 0.00448 0.13271 
1 15 0.02890 0.00803 0.00375 0.01311 0.01097 0.03345 0.07145 0.28606 0.05967 0.02328 0.00375 0.00642 0.02141 0.05004 0.11640 0.26331 
1 15 0.23096 0.06594 0.01693 0.04020 0.02151 0.03244 0.04267 0.26234 0.01693 0.01410 0.00776 0.02504 0.01234 0.01199 0.00494 0.19394 
1 15 0.04502 0.00303 0.00757 0.06432 0.04919 0.08740 0.11389 0.46425 0.00568 0.01967 0.01286 0.02838 0.01589 0.03103 0.01476 0.03708 
1 15 0.26478 0.06995 0.02623 0.05911 0.02448 0.02798 0.02518 0.18293 0.00665 0.00560 0.00769 0.03288 0.02239 0.02099 0.01469 0.20846 
1 15 0.28413 0.01237 0.00640 0.02816 0.02218 0.03072 0.02730 0.15401 0.00683 0.00768 0.00555 0.03285 0.02389 0.05247 0.02816 0.27730 
1 15 0.19437 0.02777 0.01010 0.02957 0.02308 0.02380 0.03678 0.41075 0.00613 0.00721 0.00974 0.02596 0.01551 0.01010 0.00577 0.16336 
1 15 0.31900 0.03724 0.00739 0.00164 0.01588 0.04354 0.08571 0.04436 0.05750 0.00520 0.00219 0.00329 0.01287 0.02629 0.08187 0.25602 
1 15 0.09722 0.00253 0.00253 0.00631 0.00253 0.00126 0.00379 0.76768 0.00379 0.00126 0.00253 0.00631 0.00253 0.00253 0.00126 0.09596 
1 15 0.25734 0.03607 0.01116 0.02826 0.01078 0.01822 0.01302 0.20565 0.04686 0.03347 0.02269 0.03682 0.01376 0.01748 0.01413 0.23429 
1 15 0.32819 0.01203 0.00262 0.00183 0.01281 0.02458 0.05727 0.10853 0.12134 0.00732 0.00235 0.00131 0.00628 0.03112 0.10591 0.17652 
1 20 0.19195 0.01200 0.01028 0.00343 0.02771 0.01171 0.00400 0.02656 0.04799 0.02399 0.30049 0.04542 0.02628 0.00143 0.01057 0.02342 0.00114 0.01400 0.02542 0.00914 0.18309 
1 20 0.17358 0.00389 0.00130 0.00130 0.00648 0.00130 0.00130 0.00130 0.00389 0.00000 0.61140 0.00389 0.00130 0.00130 0.00130 0.00648 0.00130 0.00130 0.00389 0.00000 0.17358 
1 20 0.35556 0.00333 0.00111 0.00111 0.00556 0.00111 0.00111 0.00111 0.00333 0.00000 0.25333 0.00333 0.00111 0.00111 0.00111 0.00556 0.00111 0.00111 0.00333 0.00000 0.35556 
1 20 0.24521 0.00287 0.00096 0.00096 0.00479 0.00096 0.00096 0.00096 0.00287 0.00000 0.47893 0.00287 0.00096 0.00096 0.00096 0.00479 0.00096 0.00096 0.00287 0.00000 0.24521 
1 20 0.15536 0.01828 0.01441 0.00387 0.02707 0.01125 0.00703 0.02917 0.05448 0.02917 0.39719 0.00738 0.00633 0.00141 0.00633 0.02320 0.00703 0.01793 0.02320 0.00844 0.15149 
1 20 0.17222 0.03760 0.01923 0.00459 0.02612 0.00660 0.00172 0.01005 0.01780 0.00890 0.42681 0.01837 0.00918 0.00115 0.00517 0.01980 0.00115 0.01693 0.03387 0.01263 0.15011 
1 20 0.13553 0.02865 0.02149 0.00946 0.04069 0.00946 0.00630 0.01891 0.02751 0.01089 0.35387 0.06275 0.03123 0.00315 0.01433 0.02980 0.00115 0.02063 0.03181 0.01719 0.12521 
1 20 0.18709 0.02849 0.01922 0.00412 0.02472 0.00549 0.00172 0.00618 0.00721 0.00206 0.40302 0.01922 0.01099 0.00172 0.00549 0.02849 0.00206 0.02300 0.03330 0.01648 0.16993 
1 20 0.15952 0.03819 0.01819 0.00104 0.02858 0.01247 0.00468 0.02312 0.04443 0.01845 0.34165 0.05612 0.02910 0.00624 0.01429 0.03014 0.00156 0.01065 0.01403 0.00572 0.14186 
1 20 0.18531 0.02692 0.01818 0.00210 0.03497 0.01049 0.00559 0.01399 0.01364 0.00664 0.31434 0.06573 0.03042 0.00140 0.01084 0.02867 0.00455 0.01783 0.02692 0.01538 0.16608 
1 20 0.16825 0.00355 0.00118 0.00118 0.00592 0.00118 0.00118 0.00118 0.00355 0.00000 0.62559 0.00355 0.00118 0.00118 0.00118 0.00592 0.00118 0.00118 0.00355 0.00000 0.16825 
1 20 0.32216 0.00387 0.00129 0.00129 0.00644 0.00129 0.00129 0.00129 0.00387 0.00000 0.31443 0.00387 0.00129 0.00129 0.00129 0.00644 0.00129 0.00129 0.00387 0.00000 0.32216 
1 20 0.12009 0.00328 0.00109 0.00109 0.00546 0.00109 0.00109 0.00109 0.00328 0.00000 0.72489 0.00328 0.00109 0.00109 0.00109 0.00546 0.00109 0.00109 0.00328 0.00000 0.12009 
1 20 0.14995 0.11130 0.08930 0.03466 0.06698 0.00566 0.00133 0.00866 0.00733 0.00433 0.33789 0.01999 0.01400 0.00400 0.00700 0.02832 0.00133 0.01466 0.00800 0.00033 0.08497 
1 20 0.16546 0.04481 0.02930 0.00931 0.04309 0.01241 0.00758 0.01896 0.01620 0.01000 0.32885 0.04412 0.04137 0.02068 0.01655 0.03413 0.00414 0.00965 0.00793 0.00276 0.13271 
1 20 0.01980 0.00990 0.00749 0.00375 0.00054 0.01258 0.01097 0.03024 0.03532 0.03960 0.28579 0.04389 0.03425 0.00776 0.00080 0.00642 0.01338 0.02435 0.06208 0.08804 0.26305 
1 20 0.21932 0.05501 0.03315 0.00635 0.04020 0.01199 0.01093 0.03103 0.04267 0.02116 0.24118 0.01693 0.01410 0.00141 0.00635 0.02504 0.00423 0.01234 0.00987 0.00282 0.19394 
1 20 0.04389 0.00341 0.00719 0.00114 0.06432 0.03670 0.02005 0.07983 0.11389 0.06583 0.39841 0.00568 0.01967 0.00151 0.01135 0.02838 0.01135 0.01778 0.02346 0.00908 0.03708 
1 20 0.25359 0.05981 0.04092 0.00665 0.05911 0.01714 0.01084 0.02448 0.02518 0.01399 0.16894 0.00665 0.00560 0.00210 0.00560 0.03288 0.00525 0.02343 0.01924 0.01014 0.20846 
1 20 0.28157 0.01237 0.00768 0.00128 0.02773 0.01109 0.01493 0.02730 0.02730 0.01451 0.13951 0.00683 0.00768 0.00171 0.00384 0.03285 0.01109 0.03200 0.04352 0.01792 0.27730 
1 20 0.18752 0.02741 0.01515 0.00216 0.02957 0.01226 0.01154 0.02308 0.03678 0.01875 0.39235 0.00577 0.00721 0.00325 0.00649 0.02596 0.00721 0.01118 0.01010 0.00288 0.16336 
1 20 0.31791 0.02793 0.01369 0.00438 0.00027 0.01588 0.02629 0.06243 0.05805 0.02683 0.05750 0.00137 0.00383 0.00219 0.00301 0.00164 0.01232 0.02547 0.07311 0.11473 0.15115 
1 20 0.09596 0.00379 0.00126 0.00126 0.00631 0.00126 0.00126 0.00126 0.00379 0.00000 0.76768 0.00379 0.00126 0.00126 0.00126 0.00631 0.00126 0.00126 0.00379 0.00000 0.09596 
1 20 0.24805 0.03496 0.01934 0.00223 0.02826 0.00669 0.00707 0.01525 0.01302 0.00781 0.19821 0.04649 0.03161 0.00781 0.01673 0.03682 0.00595 0.01264 0.01748 0.00930 0.23429 
1 20 0.12134 0.00628 0.00131 0.00340 0.00000 0.00628 0.01334 0.04498 0.12395 0.13128 0.32819 0.00654 0.00549 0.00262 0.00183 0.00078 0.01229 0.02432 0.05073 0.05832 0.05675 
1 25 0.19195 0.00828 0.00514 0.00943 0.00286 0.00686 0.02085 0.01228 0.01371 0.01628 0.03628 0.03570 0.28049 0.03228 0.03313 0.01371 0.01371 0.01085 0.01771 0.00571 0.00114 0.01371 0.00943 0.01628 0.00914 0.18309 
1 25 0.17358 0.00259 0.00130 0.00130 0.00130 0.00130 0.00518 0.00130 0.00259 0.00000 0.00259 0.00130 0.61140 0.00130 0.00259 0.00000 0.00259 0.00130 0.00518 0.00130 0.00130 0.00130 0.00130 0.00259 0.00000 0.17358 
1 25 0.35556 0.00222 0.00111 0.00111 0.00111 0.00111 0.00444 0.00111 0.00222 0.00000 0.00222 0.00111 0.25333 0.00111 0.00222 0.00000 0.00222 0.00111 0.00444 0.00111 0.00111 0.00111 0.00111 0.00222 0.00000 0.35556 
1 25 0.24521 0.00192 0.00096 0.00096 0.00096 0.00096 0.00383 0.00096 0.00192 0.00000 0.00192 0.00096 0.47893 0.00096 0.00192 0.00000 0.00192 0.00096 0.00383 0.00096 0.00096 0.00096 0.00096 0.00192 0.00000 0.24521 
1 25 0.15501 0.01195 0.00808 0.01301 0.00387 0.00633 0.02074 0.01195 0.01617 0.01933 0.03866 0.04499 0.39684 0.00141 0.00633 0.00000 0.00773 0.00598 0.01582 0.00773 0.00562 0.01652 0.01090 0.01511 0.00844 0.15149 
1 25 0.17222 0.02698 0.01206 0.01780 0.00459 0.00918 0.01722 0.00660 0.00746 0.00402 0.01320 0.01349 0.41762 0.01406 0.01349 0.00431 0.00603 0.00517 0.01320 0.00660 0.00115 0.01665 0.01033 0.02382 0.01263 0.15011 
1 25 0.13553 0.01977 0.01089 0.02063 0.00831 0.01519 0.02579 0.01089 0.01519 0.00831 0.02149 0.01691 0.32034 0.05043 0.04585 0.01777 0.01633 0.01433 0.02092 0.00917 0.00115 0.02063 0.01060 0.02120 0.01719 0.12521 
1 25 0.18709 0.01991 0.01030 0.01751 0.00412 0.00961 0.01510 0.00584 0.00584 0.00172 0.00549 0.00378 0.39204 0.01545 0.01476 0.00549 0.00721 0.00549 0.01785 0.01064 0.00206 0.02266 0.01133 0.02231 0.01648 0.16993 
1 25 0.15952 0.02702 0.01143 0.01793 0.00104 0.00779 0.02078 0.01273 0.01403 0.01351 0.03300 0.02988 0.31125 0.04573 0.04079 0.01793 0.01611 0.01559 0.02286 0.00727 0.00104 0.01013 0.00442 0.01065 0.00572 0.14186 
1 25 0.18531 0.01888 0.00874 0.01818 0.00140 0.01119 0.02413 0.01084 0.01538 0.00350 0.01049 0.00979 0.28147 0.05000 0.04860 0.01958 0.01189 0.01084 0.02098 0.00804 0.00455 0.01573 0.00979 0.01993 0.01469 0.16608 
1 25 0.16825 0.00237 0.00118 0.00118 0.00118 0.00118 0.00474 0.00118 0.00237 0.00000 0.00237 0.00118 0.62559 0.00118 0.00237 0.00000 0.00237 0.00118 0.00474 0.00118 0.00118 0.00118 0.00118 0.00237 0.00000 0.16825 
1 25 0.32216 0.00258 0.00129 0.00129 0.00129 0.00129 0.00515 0.00129 0.00258 0.00000 0.00258 0.00129 0.31443 0.00129 0.00258 0.00000 0.00258 0.00129 0.00515 0.00129 0.00129 0.00129 0.00129 0.00258 0.00000 0.32216 
1 25 0.12009 0.00218 0.00109 0.00109 0.00109 0.00109 0.00437 0.00109 0.00218 0.00000 0.00218 0.00109 0.72489 0.00109 0.00218 0.00000 0.00218 0.00109 0.00437 0.00109 0.00109 0.00109 0.00109 0.00218 0.00000 0.12009 
1 25 0.14995 0.07631 0.05165 0.07531 0.03199 0.02899 0.03799 0.00566 0.00833 0.00167 0.00533 0.00633 0.32456 0.01766 0.01566 0.00700 0.01100 0.00700 0.01833 0.01000 0.00133 0.01466 0.00100 0.00700 0.00033 0.08497 
1 25 0.16546 0.03102 0.01655 0.02896 0.00689 0.01413 0.02896 0.01344 0.01861 0.00689 0.01172 0.01448 0.30817 0.03102 0.03378 0.02999 0.02827 0.02034 0.02689 0.00724 0.00414 0.00896 0.00276 0.00586 0.00276 0.13271 
1 25 0.15949 0.02248 0.01097 0.00348 0.00294 0.00134 0.00669 0.00803 0.00883 0.02248 0.03613 0.04629 0.23950 0.04656 0.04228 0.02783 0.01044 0.00562 0.00054 0.00642 0.01311 0.01686 0.02141 0.05138 0.08509 0.10383 
1 25 0.21932 0.03597 0.02116 0.03103 0.00635 0.01164 0.02856 0.01340 0.02045 0.02010 0.03138 0.03244 0.23554 0.00952 0.01305 0.00494 0.01058 0.00635 0.01622 0.00882 0.00423 0.01093 0.00423 0.00705 0.00282 0.19394 
1 25 0.04389 0.00303 0.00114 0.00719 0.00038 0.00681 0.05751 0.03821 0.04805 0.05032 0.08778 0.09194 0.39841 0.00151 0.00416 0.00000 0.02119 0.01135 0.02081 0.00757 0.01135 0.01400 0.01249 0.01476 0.00908 0.03708 
1 25 0.25324 0.04162 0.02169 0.04057 0.00385 0.01959 0.03952 0.01889 0.02064 0.01294 0.01574 0.02343 0.16894 0.00210 0.00455 0.00000 0.00735 0.00595 0.01889 0.01399 0.00455 0.02239 0.00804 0.01329 0.00979 0.20846 
1 25 0.28029 0.00939 0.00427 0.00768 0.00128 0.00640 0.02176 0.01237 0.02218 0.01834 0.01877 0.02304 0.13865 0.00256 0.00512 0.00085 0.00853 0.00384 0.02005 0.01280 0.00939 0.02944 0.01962 0.02816 0.01792 0.27730 
1 25 0.18752 0.01875 0.00865 0.01515 0.00216 0.00721 0.02236 0.01370 0.01767 0.01551 0.02705 0.02849 0.39127 0.00288 0.00397 0.00072 0.00865 0.00721 0.01803 0.00829 0.00649 0.01046 0.00433 0.00721 0.00288 0.16336 
1 25 0.27163 0.04737 0.02793 0.01123 0.00274 0.00411 0.00027 0.01588 0.02601 0.03861 0.03450 0.05093 0.02355 0.02738 0.03039 0.00329 0.00329 0.00055 0.00164 0.00301 0.00767 0.01561 0.01451 0.05778 0.10734 0.17278 
1 25 0.09596 0.00253 0.00126 0.00126 0.00126 0.00126 0.00505 0.00126 0.00253 0.00000 0.00253 0.00126 0.76768 0.00126 0.00253 0.00000 0.00253 0.00126 0.00505 0.00126 0.00126 0.00126 0.00126 0.00253 0.00000 0.09596 
1 25 0.24805 0.02343 0.01190 0.01897 0.00223 0.00855 0.01971 0.00744 0.01822 0.00335 0.00893 0.01190 0.17255 0.03570 0.03644 0.01934 0.01859 0.01822 0.03012 0.00669 0.00446 0.01227 0.00632 0.01302 0.00930 0.23429 
1 25 0.20711 0.00889 0.00392 0.00183 0.00131 0.00131 0.00785 0.01464 0.01412 0.03713 0.06119 0.06747 0.11114 0.01020 0.00628 0.00131 0.00052 0.00288 0.00000 0.00628 0.01334 0.02929 0.05126 0.09859 0.12108 0.12108 
1 30 0.19195 0.00314 0.00885 0.00514 0.00571 0.00286 0.00686 0.02085 0.01171 0.00343 0.01085 0.01628 0.03628 0.01171 0.02399 0.30020 0.01285 0.03285 0.01371 0.01257 0.00143 0.01057 0.01799 0.00543 0.00114 0.00571 0.00828 0.01914 0.00628 0.00914 0.18309 
1 30 0.17358 0.00130 0.00259 0.00000 0.00130 0.00130 0.00130 0.00518 0.00130 0.00130 0.00130 0.00000 0.00259 0.00130 0.00000 0.61140 0.00130 0.00259 0.00000 0.00130 0.00130 0.00130 0.00518 0.00130 0.00130 0.00130 0.00000 0.00259 0.00130 0.00000 0.17358 
1 30 0.35556 0.00111 0.00222 0.00000 0.00111 0.00111 0.00111 0.00444 0.00111 0.00111 0.00111 0.00000 0.00222 0.00111 0.00000 0.25333 0.00111 0.00222 0.00000 0.00111 0.00111 0.00111 0.00444 0.00111 0.00111 0.00111 0.00000 0.00222 0.00111 0.00000 0.35556 
1 30 0.24521 0.00096 0.00192 0.00000 0.00096 0.00096 0.00096 0.00383 0.00096 0.00096 0.00096 0.00000 0.00192 0.00096 0.00000 0.47893 0.00096 0.00192 0.00000 0.00096 0.00096 0.00096 0.00383 0.00096 0.00096 0.00096 0.00000 0.00192 0.00096 0.00000 0.24521 
1 30 0.15501 0.00527 0.01336 0.00844 0.00598 0.00387 0.00633 0.02074 0.01125 0.00562 0.01160 0.01898 0.03866 0.01582 0.02917 0.39684 0.00141 0.00633 0.00000 0.00633 0.00141 0.00633 0.01547 0.00773 0.00562 0.00844 0.01090 0.01617 0.00738 0.00808 0.15149 
1 30 0.17222 0.01091 0.02669 0.01177 0.00775 0.00431 0.00918 0.01693 0.00660 0.00172 0.00603 0.00402 0.01320 0.00488 0.00861 0.42623 0.00545 0.01349 0.00431 0.00488 0.00115 0.00517 0.01320 0.00660 0.00115 0.00718 0.00976 0.02497 0.00890 0.01263 0.15011 
1 30 0.13553 0.00630 0.02235 0.01089 0.01232 0.00774 0.01519 0.02579 0.00917 0.00602 0.01117 0.00802 0.02149 0.00602 0.01089 0.35358 0.01719 0.04585 0.01777 0.01347 0.00315 0.01433 0.02063 0.00917 0.00086 0.01089 0.01003 0.02579 0.00602 0.01719 0.12521 
1 30 0.18709 0.00515 0.02334 0.01064 0.00858 0.00412 0.00961 0.01510 0.00549 0.00172 0.00446 0.00172 0.00549 0.00172 0.00206 0.40302 0.00446 0.01476 0.00549 0.00549 0.00172 0.00549 0.01785 0.01064 0.00137 0.01270 0.01099 0.02540 0.00790 0.01648 0.16993 
1 30 0.15952 0.01013 0.02806 0.01065 0.00753 0.00104 0.00753 0.02104 0.01247 0.00416 0.01039 0.01325 0.03274 0.01221 0.01793 0.34139 0.01559 0.04079 0.01689 0.01299 0.00546 0.01429 0.02286 0.00727 0.00104 0.00753 0.00364 0.01091 0.00312 0.00572 0.14186 
1 30 0.18531 0.00420 0.02273 0.00839 0.01049 0.00140 0.01119 0.02378 0.01049 0.00524 0.01119 0.00315 0.01014 0.00490 0.00524 0.31434 0.01713 0.04860 0.01923 0.01119 0.00140 0.01084 0.02063 0.00804 0.00455 0.00734 0.01049 0.02028 0.00734 0.01469 0.16608 
1 30 0.16825 0.00118 0.00237 0.00000 0.00118 0.00118 0.00118 0.00474 0.00118 0.00118 0.00118 0.00000 0.00237 0.00118 0.00000 0.62559 0.00118 0.00237 0.00000 0.00118 0.00118 0.00118 0.00474 0.00118 0.00118 0.00118 0.00000 0.00237 0.00118 0.00000 0.16825 
1 30 0.32216 0.00129 0.00258 0.00000 0.00129 0.00129 0.00129 0.00515 0.00129 0.00129 0.00129 0.00000 0.00258 0.00129 0.00000 0.31443 0.00129 0.00258 0.00000 0.00129 0.00129 0.00129 0.00515 0.00129 0.00129 0.00129 0.00000 0.00258 0.00129 0.00000 0.32216 
1 30 0.12009 0.00109 0.00218 0.00000 0.00109 0.00109 0.00109 0.00437 0.00109 0.00109 0.00109 0.00000 0.00218 0.00109 0.00000 0.72489 0.00109 0.00218 0.00000 0.00109 0.00109 0.00109 0.00437 0.00109 0.00109 0.00109 0.00000 0.00218 0.00109 0.00000 0.12009 
1 30 0.14995 0.02666 0.08464 0.06664 0.02532 0.03199 0.02899 0.03799 0.00566 0.00133 0.00700 0.00167 0.00533 0.00233 0.00400 0.33789 0.00433 0.01566 0.00700 0.00833 0.00267 0.00700 0.01833 0.01000 0.00100 0.01500 0.00000 0.00700 0.00100 0.00033 0.08497 
1 30 0.16546 0.01034 0.03447 0.01586 0.01586 0.00689 0.01413 0.02896 0.01241 0.00689 0.01344 0.00620 0.01172 0.00448 0.01000 0.32885 0.01034 0.03378 0.02999 0.01275 0.01930 0.01655 0.02689 0.00724 0.00414 0.00689 0.00276 0.00620 0.00172 0.00276 0.13271 
1 30 0.15975 0.01953 0.00937 0.00615 0.00187 0.00294 0.00080 0.00054 0.01258 0.00214 0.00883 0.01686 0.01659 0.03211 0.03934 0.24003 0.04603 0.04228 0.01739 0.01846 0.00482 0.00321 0.00054 0.00642 0.01258 0.00883 0.01632 0.03372 0.03184 0.08456 0.10356 
1 30 0.21932 0.01164 0.04337 0.02257 0.01058 0.00635 0.01164 0.02856 0.01199 0.00952 0.01234 0.02010 0.03138 0.01128 0.02116 0.24118 0.00388 0.01305 0.00494 0.00917 0.00141 0.00635 0.01622 0.00882 0.00423 0.00811 0.00423 0.00776 0.00212 0.00282 0.19394 
1 30 0.04389 0.00114 0.00227 0.00076 0.00719 0.00038 0.00681 0.05751 0.03670 0.01249 0.03784 0.04956 0.08778 0.02611 0.06583 0.39841 0.00151 0.00416 0.00000 0.01967 0.00151 0.01135 0.02081 0.00757 0.01097 0.00492 0.01324 0.01778 0.00568 0.00908 0.03708 
1 30 0.25324 0.01154 0.04862 0.02134 0.02239 0.00385 0.01924 0.03987 0.01714 0.00735 0.01574 0.01224 0.01539 0.00979 0.01399 0.16894 0.00210 0.00455 0.00000 0.00560 0.00210 0.00560 0.01889 0.01399 0.00455 0.01784 0.00630 0.01469 0.00490 0.00979 0.20846 
1 30 0.28029 0.00384 0.00981 0.00256 0.00512 0.00128 0.00640 0.02176 0.01067 0.01152 0.01237 0.01834 0.01877 0.00853 0.01451 0.13951 0.00171 0.00512 0.00085 0.00683 0.00171 0.00384 0.02005 0.01280 0.00939 0.01451 0.01920 0.03328 0.01024 0.01792 0.27730 
1 30 0.18752 0.00685 0.02056 0.00721 0.00793 0.00216 0.00721 0.02236 0.01226 0.01082 0.00902 0.01479 0.02705 0.00974 0.01875 0.39199 0.00216 0.00397 0.00036 0.00685 0.00325 0.00649 0.01767 0.00829 0.00649 0.00902 0.00288 0.00721 0.00288 0.00288 0.16336 
1 30 0.27327 0.04573 0.02738 0.00986 0.00438 0.00301 0.00137 0.00027 0.01588 0.02601 0.01752 0.04518 0.04053 0.02081 0.02355 0.02738 0.03012 0.00137 0.00383 0.00164 0.00055 0.00164 0.00164 0.00137 0.01150 0.01232 0.01396 0.03176 0.05011 0.10597 0.15005 
1 30 0.09596 0.00126 0.00253 0.00000 0.00126 0.00126 0.00126 0.00505 0.00126 0.00126 0.00126 0.00000 0.00253 0.00126 0.00000 0.76768 0.00126 0.00253 0.00000 0.00126 0.00126 0.00126 0.00505 0.00126 0.00126 0.00126 0.00000 0.00253 0.00126 0.00000 0.09596 
1 30 0.24805 0.00930 0.02566 0.01041 0.00893 0.00223 0.00855 0.01971 0.00669 0.00409 0.01488 0.00335 0.00893 0.00409 0.00781 0.19784 0.01041 0.03644 0.01934 0.01413 0.00595 0.01673 0.03012 0.00669 0.00446 0.00930 0.00483 0.01264 0.00483 0.00930 0.23429 
1 30 0.20711 0.00654 0.00549 0.00131 0.00131 0.00131 0.00052 0.00078 0.01203 0.01072 0.01386 0.02746 0.02981 0.05178 0.05675 0.11140 0.00994 0.00628 0.00105 0.00026 0.00209 0.00131 0.00000 0.00628 0.01334 0.01778 0.02720 0.07871 0.05596 0.12055 0.12108 
3 5 0.14977 0.27145 0.15393 0.27145 0.12220 0.03120 
3 5 0.17169 0.26072 0.13660 0.26001 0.13424 0.03674 
3 5 0.18338 0.14351 0.18246 0.29071 0.12511 0.07482 
3 5 0.16907 0.18261 0.13491 0.25995 0.19531 0.05814 
3 5 0.15177 0.19525 0.19363 0.28139 0.13206 0.04591 
3 5 0.11127 0.20136 0.21464 0.34709 0.07609 0.04953 
3 5 0.13230 0.20323 0.17347 0.22455 0.21499 0.05145 
3 5 0.11000 0.19493 0.24211 0.21616 0.18726 0.04954 
3 5 0.18743 0.20693 0.13489 0.20748 0.18689 0.07638 
3 5 0.15674 0.13020 0.23836 0.32599 0.08663 0.06209 
3 5 0.12372 0.37372 0.17417 0.24515 0.03050 0.05274 
3 5 0.08985 0.28121 0.25904 0.28005 0.07351 0.01634 
3 5 0.17445 0.26262 0.12962 0.26074 0.13640 0.03617 
3 5 0.20127 0.19549 0.07287 0.26778 0.20069 0.06189 
3 5 0.09931 0.22569 0.27222 0.22708 0.13542 0.04028 
3 5 0.08612 0.16041 0.15918 0.30939 0.16857 0.11633 
3 5 0.09959 0.30993 0.22562 0.18478 0.15364 0.02644 
3 5 0.11645 0.40453 0.24062 0.07671 0.11424 0.04746 
3 5 0.17714 0.25974 0.12740 0.25567 0.14049 0.03956 
3 5 0.13928 0.27170 0.17361 0.27072 0.11525 0.02943 
3 5 0.16594 0.26573 0.13666 0.26681 0.13015 0.03471 
3 5 0.15923 0.26978 0.14503 0.26927 0.12830 0.02840 
3 5 0.21582 0.17166 0.10675 0.22438 0.10049 0.18089 
3 5 0.18757 0.26367 0.20472 0.16613 0.12326 0.05466 
3 5 0.23019 0.23156 0.20193 0.20434 0.05238 0.07960 
3 10 0.07696 0.07280 0.19319 0.07826 0.04472 0.10920 0.07878 0.19267 0.07540 0.04680 0.03120 
3 10 0.08761 0.08408 0.19430 0.06642 0.04098 0.09562 0.06689 0.19312 0.08290 0.05134 0.03674 
3 10 0.12971 0.05366 0.11162 0.03189 0.02852 0.15394 0.07360 0.21711 0.08525 0.03987 0.07482 
3 10 0.11149 0.05758 0.11121 0.07141 0.06351 0.07141 0.06802 0.19193 0.12983 0.06548 0.05814 
3 10 0.08831 0.06346 0.14394 0.05131 0.03295 0.16068 0.09803 0.18336 0.10667 0.02538 0.04591 
3 10 0.08220 0.02907 0.13496 0.06640 0.02584 0.18880 0.13640 0.21070 0.05743 0.01866 0.04953 
3 10 0.08931 0.04300 0.13377 0.06946 0.04263 0.13083 0.03565 0.18890 0.13341 0.08159 0.05145 
3 10 0.07579 0.03421 0.11560 0.07933 0.05279 0.18932 0.04541 0.17075 0.14951 0.03775 0.04954 
3 10 0.13164 0.05580 0.16035 0.04659 0.01788 0.11701 0.06013 0.14735 0.09534 0.09155 0.07638 
3 10 0.11467 0.04206 0.09114 0.03906 0.02904 0.20931 0.08162 0.24437 0.05859 0.02804 0.06209 
3 10 0.08580 0.03791 0.26283 0.11089 0.04590 0.12828 0.08723 0.15792 0.02537 0.00513 0.05274 
3 10 0.04434 0.04551 0.18670 0.09452 0.07351 0.18553 0.09452 0.18553 0.04551 0.02800 0.01634 
3 10 0.09043 0.08402 0.20121 0.06142 0.03994 0.08968 0.06405 0.19668 0.08666 0.04974 0.03617 
3 10 0.03412 0.16715 0.10873 0.08676 0.07287 0.15905 0.10873 0.16888 0.03181 0.01966 0.04222 
3 10 0.02500 0.09931 0.14097 0.08472 0.23889 0.03333 0.02083 0.20625 0.04375 0.09167 0.01528 
3 10 0.12245 0.03796 0.12286 0.03633 0.04367 0.26571 0.05184 0.11673 0.08000 0.03633 0.08612 
3 10 0.01293 0.09959 0.18449 0.12544 0.17949 0.04612 0.01234 0.17244 0.08020 0.07344 0.01351 
3 10 0.06015 0.05629 0.27980 0.12472 0.04857 0.19205 0.01269 0.06402 0.05795 0.05629 0.04746 
3 10 0.09308 0.08406 0.19226 0.06748 0.03839 0.08901 0.06923 0.18645 0.08871 0.05177 0.03956 
3 10 0.06719 0.07209 0.19421 0.07749 0.05199 0.12163 0.08166 0.18906 0.07553 0.03973 0.02943 
3 10 0.08839 0.07755 0.20119 0.06453 0.04067 0.09599 0.06562 0.20119 0.07646 0.05369 0.03471 
3 10 0.08519 0.07404 0.19270 0.07708 0.04868 0.09635 0.07809 0.19118 0.07759 0.05071 0.02840 
3 10 0.01054 0.09621 0.13773 0.08666 0.10049 0.12290 0.05799 0.16969 0.04613 0.02768 0.14399 
3 10 0.11629 0.07128 0.18917 0.07449 0.02787 0.17685 0.04126 0.12487 0.07610 0.04716 0.05466 
3 10 0.13163 0.09855 0.21813 0.01344 0.00965 0.19228 0.06616 0.13818 0.03722 0.01516 0.07960 
3 15 0.05044 0.05304 0.04628 0.15081 0.07358 0.04706 0.03432 0.08528 0.03432 0.04706 0.07306 0.15133 0.04524 0.05616 0.02080 0.03120 
3 15 0.05982 0.06218 0.04969 0.15473 0.06783 0.03815 0.03062 0.07537 0.03062 0.03815 0.06736 0.15450 0.05040 0.06029 0.02355 0.03674 
3 15 0.10212 0.04784 0.03343 0.08954 0.03005 0.02392 0.02116 0.13615 0.02515 0.04477 0.05704 0.18890 0.06010 0.04600 0.01901 0.07482 
3 15 0.08665 0.05024 0.03218 0.08693 0.04629 0.04939 0.04826 0.07226 0.01439 0.03528 0.06238 0.16229 0.07395 0.08947 0.03189 0.05814 
3 15 0.06400 0.04726 0.04051 0.11720 0.04510 0.03295 0.02322 0.11585 0.05455 0.06157 0.07615 0.14367 0.06319 0.05914 0.00972 0.04591 
3 15 0.06820 0.02297 0.02010 0.10660 0.05420 0.04056 0.02010 0.15004 0.04451 0.07753 0.12240 0.14716 0.03087 0.03661 0.00861 0.04953 
3 15 0.07093 0.03344 0.02793 0.11025 0.04998 0.04300 0.03675 0.12054 0.01617 0.02389 0.03491 0.16575 0.08196 0.09519 0.03785 0.05145 
3 15 0.06193 0.02919 0.01887 0.07254 0.07402 0.04836 0.03981 0.16544 0.03686 0.03244 0.03657 0.14715 0.09938 0.07284 0.01504 0.04954 
3 15 0.09859 0.04984 0.03900 0.12622 0.05038 0.03034 0.01463 0.08884 0.03142 0.04063 0.04334 0.12351 0.05525 0.08559 0.04605 0.07638 
3 15 0.08813 0.04256 0.02604 0.07411 0.02704 0.02904 0.01803 0.18778 0.03255 0.04357 0.08613 0.19629 0.04557 0.03005 0.01102 0.06209 
3 15 0.06784 0.03136 0.02452 0.21608 0.09407 0.06357 0.03620 0.10604 0.03193 0.05017 0.07241 0.12258 0.02423 0.00342 0.00285 0.05274 
3 15 0.02917 0.03267 0.02800 0.13944 0.08051 0.06126 0.05484 0.14936 0.05484 0.06068 0.08051 0.13886 0.02800 0.03267 0.01284 0.01634 
3 15 0.06255 0.06330 0.04861 0.17219 0.05087 0.03956 0.03090 0.06933 0.02939 0.03994 0.05275 0.16805 0.04974 0.06330 0.02336 0.03617 
3 15 0.01562 0.02024 0.03673 0.14430 0.05957 0.09601 0.03991 0.07287 0.11278 0.09601 0.05899 0.14633 0.03297 0.02140 0.01735 0.02892 
3 15 0.01111 0.01389 0.01528 0.09931 0.12292 0.04167 0.06111 0.20972 0.04028 0.02222 0.01528 0.18056 0.03125 0.03750 0.03403 0.06389 
3 15 0.05918 0.03673 0.02041 0.08612 0.10857 0.02327 0.02857 0.10286 0.02857 0.02776 0.03224 0.25796 0.01918 0.03347 0.03633 0.09878 
3 15 0.14013 0.09166 0.07814 0.15071 0.05053 0.02438 0.00764 0.14512 0.03202 0.04318 0.06522 0.04524 0.00999 0.01175 0.00470 0.09959 
3 15 0.05408 0.01876 0.04360 0.21744 0.10486 0.08223 0.03091 0.19757 0.01214 0.01159 0.00883 0.05629 0.02980 0.05795 0.02649 0.04746 
3 15 0.06341 0.06166 0.05207 0.15271 0.06748 0.03956 0.02909 0.06981 0.02850 0.04072 0.06632 0.14863 0.05439 0.06283 0.02327 0.03956 
3 15 0.04512 0.05101 0.04316 0.15645 0.06621 0.04904 0.04022 0.09416 0.03923 0.05027 0.07283 0.14762 0.04561 0.05199 0.01766 0.02943 
3 15 0.05748 0.06291 0.04555 0.16703 0.05803 0.04067 0.03416 0.06941 0.03308 0.04121 0.06020 0.16540 0.04447 0.06291 0.02278 0.03471 
3 15 0.05680 0.05477 0.04767 0.14706 0.07505 0.04767 0.03651 0.07302 0.03550 0.04767 0.07505 0.14655 0.05122 0.05274 0.02434 0.02840 
3 15 0.08040 0.10478 0.03921 0.10049 0.11038 0.03460 0.03591 0.14333 0.04481 0.02768 0.01450 0.15255 0.00461 0.00659 0.00857 0.09160 
3 15 0.09164 0.05466 0.04126 0.15005 0.06806 0.04555 0.01929 0.16292 0.02251 0.02572 0.04019 0.10021 0.04394 0.05734 0.02197 0.05466 
3 15 0.10786 0.05410 0.06823 0.20469 0.01620 0.01068 0.00689 0.18160 0.01344 0.03722 0.06409 0.10303 0.02826 0.01620 0.00793 0.07960 
3 20 0.03952 0.03744 0.04472 0.02808 0.15081 0.04238 0.03146 0.04680 0.03432 0.01040 0.07488 0.03432 0.04680 0.03198 0.04134 0.15133 0.02860 0.04680 0.03640 0.01040 0.03120 
3 20 0.04899 0.03862 0.05134 0.03274 0.15473 0.03957 0.02826 0.03815 0.03062 0.01036 0.06500 0.03062 0.03815 0.02873 0.03862 0.15450 0.03250 0.05040 0.03910 0.01225 0.03674 
3 20 0.09598 0.03373 0.03281 0.02085 0.08954 0.02208 0.01043 0.02147 0.02116 0.00736 0.12879 0.02515 0.04170 0.03189 0.02883 0.18829 0.04170 0.04354 0.02760 0.01227 0.07482 
3 20 0.07875 0.03274 0.03669 0.02089 0.08693 0.02427 0.02456 0.04685 0.04826 0.01524 0.05701 0.01439 0.03443 0.03359 0.02964 0.16229 0.05617 0.07367 0.04742 0.01806 0.05814 
3 20 0.05428 0.03403 0.03592 0.02755 0.11720 0.02674 0.02025 0.03106 0.02322 0.00972 0.10613 0.05455 0.06103 0.03700 0.03970 0.14367 0.05185 0.05482 0.02241 0.00297 0.04591 
3 20 0.06210 0.02010 0.01902 0.01005 0.10660 0.02836 0.02764 0.03877 0.02010 0.00574 0.14429 0.04451 0.07430 0.06210 0.06353 0.14716 0.02369 0.03374 0.01292 0.00574 0.04953 
3 20 0.06395 0.02536 0.02793 0.01507 0.11025 0.02352 0.02646 0.04300 0.03675 0.00588 0.11466 0.01617 0.02242 0.01323 0.02315 0.16575 0.05696 0.07644 0.06321 0.01838 0.05145 
3 20 0.05662 0.01917 0.02035 0.01386 0.07254 0.04306 0.03450 0.04482 0.03981 0.01298 0.15246 0.03686 0.03126 0.01416 0.02359 0.14715 0.07756 0.07196 0.03303 0.00472 0.04954 
3 20 0.08722 0.04442 0.03304 0.02275 0.12622 0.03413 0.02113 0.02546 0.01463 0.00325 0.08559 0.03142 0.03846 0.02167 0.02384 0.12351 0.03467 0.06067 0.06338 0.02817 0.07638 
3 20 0.07962 0.03505 0.02654 0.01552 0.07311 0.01803 0.01152 0.02754 0.01803 0.01102 0.17677 0.03255 0.04156 0.04006 0.04807 0.19629 0.03055 0.02804 0.02404 0.00401 0.06209 
3 20 0.06100 0.02480 0.02395 0.01397 0.21579 0.04704 0.05103 0.05986 0.03563 0.01026 0.09664 0.03164 0.04761 0.03962 0.03535 0.12258 0.01482 0.01055 0.00285 0.00228 0.05274 
3 20 0.02334 0.02100 0.02684 0.01867 0.13944 0.04726 0.03326 0.06126 0.05484 0.01867 0.13069 0.05484 0.06068 0.03384 0.04667 0.13886 0.01867 0.02684 0.02100 0.00700 0.01634 
3 20 0.05124 0.03919 0.05200 0.03203 0.17219 0.02901 0.02223 0.03919 0.03090 0.00904 0.06029 0.02939 0.03994 0.02411 0.02864 0.16805 0.03542 0.05124 0.03617 0.01356 0.03617 
3 20 0.09485 0.06420 0.07230 0.03644 0.14633 0.02256 0.01099 0.02082 0.01735 0.00231 0.02660 0.01562 0.02024 0.01388 0.02285 0.14430 0.03644 0.07230 0.06478 0.02198 0.07287 
3 20 0.11597 0.02500 0.04583 0.03889 0.20972 0.02917 0.01250 0.02083 0.01528 0.00556 0.17500 0.03125 0.03125 0.01250 0.02778 0.06389 0.00139 0.01389 0.01389 0.01111 0.09931 
3 20 0.10408 0.01837 0.02204 0.01592 0.10286 0.02000 0.01020 0.02612 0.03224 0.01143 0.24735 0.01837 0.03102 0.02082 0.01796 0.09878 0.04122 0.03878 0.02163 0.01469 0.08612 
3 20 0.14042 0.03202 0.04201 0.03819 0.02820 0.04524 0.00470 0.00881 0.00940 0.00353 0.09959 0.12192 0.06257 0.07227 0.05317 0.15071 0.02879 0.02321 0.02291 0.00764 0.00470 
3 20 0.05243 0.00773 0.02483 0.03146 0.21744 0.06236 0.05408 0.07064 0.03091 0.01766 0.17991 0.01214 0.01049 0.00221 0.00773 0.05629 0.01987 0.03808 0.03863 0.01766 0.04746 
3 20 0.05119 0.04188 0.05177 0.03229 0.15271 0.03956 0.02792 0.03956 0.02909 0.00931 0.06050 0.02850 0.04072 0.02850 0.03781 0.14863 0.03461 0.05410 0.04014 0.01163 0.03956 
3 20 0.03629 0.03090 0.04267 0.02943 0.15645 0.03776 0.02894 0.04855 0.04022 0.01177 0.08239 0.03923 0.05002 0.03163 0.04144 0.14762 0.03090 0.04463 0.03090 0.00883 0.02943 
3 20 0.04555 0.04284 0.04989 0.02766 0.16703 0.03416 0.02386 0.04067 0.03416 0.00651 0.06291 0.03308 0.04121 0.02440 0.03579 0.16540 0.02711 0.04935 0.04284 0.01085 0.03471 
3 20 0.04665 0.03854 0.04361 0.03043 0.14706 0.04564 0.02941 0.04767 0.03651 0.01217 0.06085 0.03550 0.04767 0.03043 0.04462 0.14655 0.03296 0.04462 0.03651 0.01420 0.02840 
3 20 0.10478 0.01812 0.03394 0.02405 0.14333 0.02636 0.02109 0.02504 0.01450 0.01318 0.13937 0.00461 0.00593 0.00461 0.00461 0.09160 0.05898 0.07875 0.06557 0.02109 0.10049 
3 20 0.08414 0.03215 0.04394 0.02733 0.15005 0.03912 0.03430 0.04019 0.01929 0.00857 0.15434 0.02251 0.02251 0.01876 0.02680 0.09807 0.03001 0.04609 0.03323 0.01393 0.05466 
3 20 0.09959 0.03205 0.05169 0.04686 0.20469 0.01344 0.00414 0.00930 0.00689 0.00276 0.17884 0.01344 0.03343 0.03274 0.03653 0.10165 0.01861 0.01861 0.01241 0.00276 0.07960 
3 25 0.03952 0.02652 0.01560 0.04004 0.02808 0.04368 0.10712 0.05642 0.02756 0.03666 0.02444 0.02028 0.06448 0.02028 0.02444 0.03666 0.02808 0.05538 0.11076 0.04056 0.02860 0.03952 0.01768 0.02600 0.01040 0.03120 
3 25 0.04899 0.02803 0.02049 0.04169 0.03250 0.04310 0.11163 0.05181 0.02449 0.02967 0.02214 0.01884 0.05464 0.01884 0.02214 0.02967 0.02496 0.05087 0.11069 0.04381 0.03203 0.04239 0.01931 0.02826 0.01225 0.03674 
3 25 0.09568 0.02300 0.01595 0.02852 0.02024 0.02269 0.06685 0.02392 0.01595 0.01411 0.01503 0.01349 0.11530 0.02055 0.01809 0.03005 0.03741 0.03435 0.13339 0.05550 0.03925 0.03619 0.01963 0.01779 0.01227 0.07482 
3 25 0.07875 0.02145 0.01919 0.03048 0.01919 0.02258 0.06435 0.02907 0.03105 0.03556 0.03443 0.02907 0.05306 0.00790 0.01044 0.02935 0.03133 0.03697 0.12391 0.03839 0.05306 0.05476 0.03669 0.03274 0.01806 0.05814 
3 25 0.05428 0.02322 0.01647 0.03079 0.02701 0.03025 0.08696 0.03106 0.02403 0.02295 0.01647 0.01647 0.09317 0.02782 0.03970 0.04834 0.04078 0.04861 0.11369 0.02998 0.05131 0.03754 0.02647 0.01377 0.00297 0.04591 
3 25 0.06210 0.01508 0.00897 0.01866 0.00646 0.01687 0.08973 0.03482 0.02943 0.03051 0.01436 0.01149 0.12706 0.02979 0.03195 0.06138 0.06174 0.07681 0.13209 0.01508 0.02297 0.02297 0.01579 0.00861 0.00574 0.04953 
3 25 0.06395 0.01801 0.01323 0.02646 0.01066 0.02646 0.08379 0.02940 0.02683 0.03675 0.02720 0.01544 0.10584 0.01250 0.01250 0.01544 0.01727 0.02609 0.11209 0.05366 0.05255 0.06431 0.03675 0.04300 0.01838 0.05145 
3 25 0.05633 0.01239 0.01121 0.01622 0.01386 0.01003 0.06252 0.04984 0.04276 0.02978 0.02772 0.02507 0.13831 0.02359 0.02743 0.01769 0.02536 0.02595 0.08906 0.05809 0.07579 0.05426 0.03214 0.02035 0.00472 0.04954 
3 25 0.08722 0.02979 0.01679 0.03304 0.02059 0.02709 0.09913 0.03738 0.02925 0.01408 0.00921 0.00867 0.07367 0.02059 0.02275 0.02871 0.02654 0.02871 0.09101 0.03250 0.03034 0.05309 0.03250 0.04280 0.02817 0.07638 
3 25 0.07962 0.02404 0.01402 0.02404 0.01502 0.02554 0.04857 0.02003 0.02153 0.01452 0.01302 0.01602 0.16375 0.02153 0.02404 0.03105 0.04256 0.05608 0.13220 0.06410 0.02754 0.02704 0.01202 0.01602 0.00401 0.06209 
3 25 0.06100 0.01568 0.01226 0.02252 0.01226 0.02594 0.19014 0.05644 0.05473 0.04647 0.02509 0.02081 0.08495 0.02052 0.02281 0.03848 0.03962 0.04447 0.10120 0.02138 0.01425 0.01055 0.00114 0.00228 0.00228 0.05274 
3 25 0.02334 0.01517 0.01050 0.02217 0.01867 0.02334 0.11610 0.06243 0.03384 0.04551 0.03967 0.03384 0.11202 0.03384 0.03967 0.04551 0.03384 0.06184 0.11552 0.02334 0.01867 0.02217 0.01050 0.01517 0.00700 0.01634 
3 25 0.05124 0.02826 0.02072 0.04258 0.03165 0.04032 0.13188 0.03881 0.02185 0.02977 0.02185 0.01809 0.05124 0.01733 0.02110 0.03165 0.02110 0.03994 0.12811 0.03994 0.03542 0.03919 0.02185 0.02638 0.01356 0.03617 
3 25 0.09485 0.04627 0.03008 0.06015 0.03644 0.04858 0.09774 0.02660 0.01330 0.01446 0.01157 0.00810 0.02313 0.00810 0.01099 0.01562 0.01243 0.02892 0.09427 0.05003 0.03644 0.06015 0.03008 0.04685 0.02198 0.07287 
3 25 0.11597 0.01806 0.01806 0.04028 0.03333 0.05417 0.15556 0.03194 0.01667 0.01389 0.01111 0.00972 0.16389 0.01944 0.02292 0.01458 0.02778 0.02917 0.05000 0.01389 0.00000 0.01389 0.00417 0.01111 0.01111 0.09931 
3 25 0.03837 0.03224 0.01551 0.01551 0.01469 0.08612 0.10367 0.01469 0.00857 0.02122 0.01224 0.01755 0.08531 0.02204 0.01755 0.01673 0.02327 0.02041 0.23592 0.01755 0.01224 0.01878 0.02857 0.02204 0.05959 0.03959 
3 25 0.00411 0.00823 0.00176 0.00881 0.00353 0.09959 0.12192 0.04260 0.03467 0.06199 0.04877 0.05317 0.09753 0.03437 0.02438 0.01616 0.00588 0.00646 0.12515 0.02321 0.02409 0.03378 0.03907 0.03555 0.03525 0.00999 
3 25 0.05188 0.00662 0.00773 0.01932 0.03091 0.04029 0.17715 0.07064 0.07064 0.04581 0.01876 0.02980 0.17108 0.01104 0.00993 0.00331 0.00828 0.00883 0.03918 0.01711 0.01766 0.03146 0.02263 0.02483 0.01766 0.04746 
3 25 0.05119 0.02996 0.01891 0.04508 0.03200 0.04799 0.10471 0.05236 0.02327 0.03141 0.02094 0.01745 0.05236 0.01629 0.02036 0.03200 0.02443 0.05061 0.10355 0.04508 0.03432 0.04567 0.02007 0.02880 0.01163 0.03956 
3 25 0.03629 0.02207 0.01667 0.03482 0.02943 0.03335 0.12310 0.04953 0.03041 0.03531 0.02845 0.02354 0.07062 0.02305 0.02795 0.03801 0.02992 0.05517 0.11133 0.03629 0.03090 0.03629 0.01717 0.02207 0.00883 0.02943 
3 25 0.04555 0.03037 0.01952 0.04284 0.02766 0.03905 0.12852 0.04338 0.02386 0.03091 0.02440 0.01627 0.05531 0.01681 0.02386 0.03200 0.02278 0.04610 0.12527 0.04067 0.02711 0.04230 0.01952 0.03037 0.01085 0.03471 
3 25 0.04665 0.02840 0.01724 0.03651 0.03043 0.04868 0.09838 0.05984 0.02637 0.03651 0.02637 0.02231 0.05071 0.02028 0.02535 0.03753 0.02637 0.05882 0.09838 0.04817 0.03245 0.03803 0.01673 0.02688 0.01420 0.02840 
3 25 0.05766 0.06194 0.04152 0.04217 0.02109 0.10049 0.10445 0.01417 0.01417 0.02636 0.02175 0.02339 0.11993 0.03031 0.02372 0.01845 0.01120 0.01647 0.13674 0.00329 0.00395 0.00198 0.00791 0.00527 0.04811 0.04349 
3 25 0.08414 0.02197 0.02144 0.03483 0.02519 0.02358 0.12647 0.04448 0.04341 0.02572 0.01286 0.01501 0.13719 0.02144 0.01822 0.01393 0.02412 0.02787 0.07235 0.02787 0.02787 0.03644 0.02251 0.02251 0.01393 0.05466 
3 25 0.09924 0.02136 0.02205 0.04445 0.04307 0.05445 0.15059 0.01378 0.00758 0.00517 0.00482 0.00482 0.17023 0.01206 0.00999 0.02516 0.03480 0.04101 0.08098 0.02240 0.01792 0.01516 0.00655 0.01068 0.00207 0.07960 
