600
3 5 0.14977 0.27145 0.15393 0.27145 0.12220 0.03120 
3 5 0.17169 0.26072 0.13660 0.26001 0.13424 0.03674 
3 5 0.18338 0.14351 0.18246 0.29071 0.12511 0.07482 
3 5 0.16907 0.18261 0.13491 0.25995 0.19531 0.05814 
3 5 0.15177 0.19525 0.19363 0.28139 0.13206 0.04591 
3 5 0.11127 0.20136 0.21464 0.34709 0.07609 0.04953 
3 5 0.13230 0.20323 0.17347 0.22455 0.21499 0.05145 
3 5 0.11000 0.19493 0.24211 0.21616 0.18726 0.04954 
3 5 0.18743 0.20693 0.13489 0.20748 0.18689 0.07638 
3 5 0.15674 0.13020 0.23836 0.32599 0.08663 0.06209 
3 5 0.12372 0.37372 0.17417 0.24515 0.03050 0.05274 
3 5 0.08985 0.28121 0.25904 0.28005 0.07351 0.01634 
3 5 0.17445 0.26262 0.12962 0.26074 0.13640 0.03617 
3 5 0.20127 0.19549 0.07287 0.26778 0.20069 0.06189 
3 5 0.09931 0.22569 0.27222 0.22708 0.13542 0.04028 
3 5 0.08612 0.16041 0.15918 0.30939 0.16857 0.11633 
3 5 0.09959 0.30993 0.22562 0.18478 0.15364 0.02644 
3 5 0.11645 0.40453 0.24062 0.07671 0.11424 0.04746 
3 5 0.17714 0.25974 0.12740 0.25567 0.14049 0.03956 
3 5 0.13928 0.27170 0.17361 0.27072 0.11525 0.02943 
3 5 0.16594 0.26573 0.13666 0.26681 0.13015 0.03471 
3 5 0.15923 0.26978 0.14503 0.26927 0.12830 0.02840 
3 5 0.21582 0.17166 0.10675 0.22438 0.10049 0.18089 
3 5 0.18757 0.26367 0.20472 0.16613 0.12326 0.05466 
3 5 0.23019 0.23156 0.20193 0.20434 0.05238 0.07960 
3 10 0.07696 0.07280 0.19319 0.07826 0.04472 0.10920 0.07878 0.19267 0.07540 0.04680 0.03120 
3 10 0.08761 0.08408 0.19430 0.06642 0.04098 0.09562 0.06689 0.19312 0.08290 0.05134 0.03674 
3 10 0.12971 0.05366 0.11162 0.03189 0.02852 0.15394 0.07360 0.21711 0.08525 0.03987 0.07482 
3 10 0.11149 0.05758 0.11121 0.07141 0.06351 0.07141 0.06802 0.19193 0.12983 0.06548 0.05814 
3 10 0.08831 0.06346 0.14394 0.05131 0.03295 0.16068 0.09803 0.18336 0.10667 0.02538 0.04591 
3 10 0.08220 0.02907 0.13496 0.06640 0.02584 0.18880 0.13640 0.21070 0.05743 0.01866 0.04953 
3 10 0.08931 0.04300 0.13377 0.06946 0.04263 0.13083 0.03565 0.18890 0.13341 0.08159 0.05145 
3 10 0.07579 0.03421 0.11560 0.07933 0.05279 0.18932 0.04541 0.17075 0.14951 0.03775 0.04954 
3 10 0.13164 0.05580 0.16035 0.04659 0.01788 0.11701 0.06013 0.14735 0.09534 0.09155 0.07638 
3 10 0.11467 0.04206 0.09114 0.03906 0.02904 0.20931 0.08162 0.24437 0.05859 0.02804 0.06209 
3 10 0.08580 0.03791 0.26283 0.11089 0.04590 0.12828 0.08723 0.15792 0.02537 0.00513 0.05274 
3 10 0.04434 0.04551 0.18670 0.09452 0.07351 0.18553 0.09452 0.18553 0.04551 0.02800 0.01634 
3 10 0.09043 0.08402 0.20121 0.06142 0.03994 0.08968 0.06405 0.19668 0.08666 0.04974 0.03617 
3 10 0.03412 0.16715 0.10873 0.08676 0.07287 0.15905 0.10873 0.16888 0.03181 0.01966 0.04222 
3 10 0.02500 0.09931 0.14097 0.08472 0.23889 0.03333 0.02083 0.20625 0.04375 0.09167 0.01528 
3 10 0.12245 0.03796 0.12286 0.03633 0.04367 0.26571 0.05184 0.11673 0.08000 0.03633 0.08612 
3 10 0.01293 0.09959 0.18449 0.12544 0.17949 0.04612 0.01234 0.17244 0.08020 0.07344 0.01351 
3 10 0.06015 0.05629 0.27980 0.12472 0.04857 0.19205 0.01269 0.06402 0.05795 0.05629 0.04746 
3 10 0.09308 0.08406 0.19226 0.06748 0.03839 0.08901 0.06923 0.18645 0.08871 0.05177 0.03956 
3 10 0.06719 0.07209 0.19421 0.07749 0.05199 0.12163 0.08166 0.18906 0.07553 0.03973 0.02943 
3 10 0.08839 0.07755 0.20119 0.06453 0.04067 0.09599 0.06562 0.20119 0.07646 0.05369 0.03471 
3 10 0.08519 0.07404 0.19270 0.07708 0.04868 0.09635 0.07809 0.19118 0.07759 0.05071 0.02840 
3 10 0.01054 0.09621 0.13773 0.08666 0.10049 0.12290 0.05799 0.16969 0.04613 0.02768 0.14399 
3 10 0.11629 0.07128 0.18917 0.07449 0.02787 0.17685 0.04126 0.12487 0.07610 0.04716 0.05466 
3 10 0.13163 0.09855 0.21813 0.01344 0.00965 0.19228 0.06616 0.13818 0.03722 0.01516 0.07960 
3 15 0.05044 0.05304 0.04628 0.15081 0.07358 0.04706 0.03432 0.08528 0.03432 0.04706 0.07306 0.15133 0.04524 0.05616 0.02080 0.03120 
3 15 0.05982 0.06218 0.04969 0.15473 0.06783 0.03815 0.03062 0.07537 0.03062 0.03815 0.06736 0.15450 0.05040 0.06029 0.02355 0.03674 
3 15 0.10212 0.04784 0.03343 0.08954 0.03005 0.02392 0.02116 0.13615 0.02515 0.04477 0.05704 0.18890 0.06010 0.04600 0.01901 0.07482 
3 15 0.08665 0.05024 0.03218 0.08693 0.04629 0.04939 0.04826 0.07226 0.01439 0.03528 0.06238 0.16229 0.07395 0.08947 0.03189 0.05814 
3 15 0.06400 0.04726 0.04051 0.11720 0.04510 0.03295 0.02322 0.11585 0.05455 0.06157 0.07615 0.14367 0.06319 0.05914 0.00972 0.04591 
3 15 0.06820 0.02297 0.02010 0.10660 0.05420 0.04056 0.02010 0.15004 0.04451 0.07753 0.12240 0.14716 0.03087 0.03661 0.00861 0.04953 
3 15 0.07093 0.03344 0.02793 0.11025 0.04998 0.04300 0.03675 0.12054 0.01617 0.02389 0.03491 0.16575 0.08196 0.09519 0.03785 0.05145 
3 15 0.06193 0.02919 0.01887 0.07254 0.07402 0.04836 0.03981 0.16544 0.03686 0.03244 0.03657 0.14715 0.09938 0.07284 0.01504 0.04954 
3 15 0.09859 0.04984 0.03900 0.12622 0.05038 0.03034 0.01463 0.08884 0.03142 0.04063 0.04334 0.12351 0.05525 0.08559 0.04605 0.07638 
3 15 0.08813 0.04256 0.02604 0.07411 0.02704 0.02904 0.01803 0.18778 0.03255 0.04357 0.08613 0.19629 0.04557 0.03005 0.01102 0.06209 
3 15 0.06784 0.03136 0.02452 0.21608 0.09407 0.06357 0.03620 0.10604 0.03193 0.05017 0.07241 0.12258 0.02423 0.00342 0.00285 0.05274 
3 15 0.02917 0.03267 0.02800 0.13944 0.08051 0.06126 0.05484 0.14936 0.05484 0.06068 0.08051 0.13886 0.02800 0.03267 0.01284 0.01634 
3 15 0.06255 0.06330 0.04861 0.17219 0.05087 0.03956 0.03090 0.06933 0.02939 0.03994 0.05275 0.16805 0.04974 0.06330 0.02336 0.03617 
3 15 0.01562 0.02024 0.03673 0.14430 0.05957 0.09601 0.03991 0.07287 0.11278 0.09601 0.05899 0.14633 0.03297 0.02140 0.01735 0.02892 
3 15 0.01111 0.01389 0.01528 0.09931 0.12292 0.04167 0.06111 0.20972 0.04028 0.02222 0.01528 0.18056 0.03125 0.03750 0.03403 0.06389 
3 15 0.05918 0.03673 0.02041 0.08612 0.10857 0.02327 0.02857 0.10286 0.02857 0.02776 0.03224 0.25796 0.01918 0.03347 0.03633 0.09878 
3 15 0.14013 0.09166 0.07814 0.15071 0.05053 0.02438 0.00764 0.14512 0.03202 0.04318 0.06522 0.04524 0.00999 0.01175 0.00470 0.09959 
3 15 0.05408 0.01876 0.04360 0.21744 0.10486 0.08223 0.03091 0.19757 0.01214 0.01159 0.00883 0.05629 0.02980 0.05795 0.02649 0.04746 
3 15 0.06341 0.06166 0.05207 0.15271 0.06748 0.03956 0.02909 0.06981 0.02850 0.04072 0.06632 0.14863 0.05439 0.06283 0.02327 0.03956 
3 15 0.04512 0.05101 0.04316 0.15645 0.06621 0.04904 0.04022 0.09416 0.03923 0.05027 0.07283 0.14762 0.04561 0.05199 0.01766 0.02943 
3 15 0.05748 0.06291 0.04555 0.16703 0.05803 0.04067 0.03416 0.06941 0.03308 0.04121 0.06020 0.16540 0.04447 0.06291 0.02278 0.03471 
3 15 0.05680 0.05477 0.04767 0.14706 0.07505 0.04767 0.03651 0.07302 0.03550 0.04767 0.07505 0.14655 0.05122 0.05274 0.02434 0.02840 
3 15 0.08040 0.10478 0.03921 0.10049 0.11038 0.03460 0.03591 0.14333 0.04481 0.02768 0.01450 0.15255 0.00461 0.00659 0.00857 0.09160 
3 15 0.09164 0.05466 0.04126 0.15005 0.06806 0.04555 0.01929 0.16292 0.02251 0.02572 0.04019 0.10021 0.04394 0.05734 0.02197 0.05466 
3 15 0.10786 0.05410 0.06823 0.20469 0.01620 0.01068 0.00689 0.18160 0.01344 0.03722 0.06409 0.10303 0.02826 0.01620 0.00793 0.07960 
3 20 0.03952 0.03744 0.04472 0.02808 0.15081 0.04238 0.03146 0.04680 0.03432 0.01040 0.07488 0.03432 0.04680 0.03198 0.04134 0.15133 0.02860 0.04680 0.03640 0.01040 0.03120 
3 20 0.04899 0.03862 0.05134 0.03274 0.15473 0.03957 0.02826 0.03815 0.03062 0.01036 0.06500 0.03062 0.03815 0.02873 0.03862 0.15450 0.03250 0.05040 0.03910 0.01225 0.03674 
3 20 0.09598 0.03373 0.03281 0.02085 0.08954 0.02208 0.01043 0.02147 0.02116 0.00736 0.12879 0.02515 0.04170 0.03189 0.02883 0.18829 0.04170 0.04354 0.02760 0.01227 0.07482 
3 20 0.07875 0.03274 0.03669 0.02089 0.08693 0.02427 0.02456 0.04685 0.04826 0.01524 0.05701 0.01439 0.03443 0.03359 0.02964 0.16229 0.05617 0.07367 0.04742 0.01806 0.05814 
3 20 0.05428 0.03403 0.03592 0.02755 0.11720 0.02674 0.02025 0.03106 0.02322 0.00972 0.10613 0.05455 0.06103 0.03700 0.03970 0.14367 0.05185 0.05482 0.02241 0.00297 0.04591 
3 20 0.06210 0.02010 0.01902 0.01005 0.10660 0.02836 0.02764 0.03877 0.02010 0.00574 0.14429 0.04451 0.07430 0.06210 0.06353 0.14716 0.02369 0.03374 0.01292 0.00574 0.04953 
3 20 0.06395 0.02536 0.02793 0.01507 0.11025 0.02352 0.02646 0.04300 0.03675 0.00588 0.11466 0.01617 0.02242 0.01323 0.02315 0.16575 0.05696 0.07644 0.06321 0.01838 0.05145 
3 20 0.05662 0.01917 0.02035 0.01386 0.07254 0.04306 0.03450 0.04482 0.03981 0.01298 0.15246 0.03686 0.03126 0.01416 0.02359 0.14715 0.07756 0.07196 0.03303 0.00472 0.04954 
3 20 0.08722 0.04442 0.03304 0.02275 0.12622 0.03413 0.02113 0.02546 0.01463 0.00325 0.08559 0.03142 0.03846 0.02167 0.02384 0.12351 0.03467 0.06067 0.06338 0.02817 0.07638 
3 20 0.07962 0.03505 0.02654 0.01552 0.07311 0.01803 0.01152 0.02754 0.01803 0.01102 0.17677 0.03255 0.04156 0.04006 0.04807 0.19629 0.03055 0.02804 0.02404 0.00401 0.06209 
3 20 0.06100 0.02480 0.02395 0.01397 0.21579 0.04704 0.05103 0.05986 0.03563 0.01026 0.09664 0.03164 0.04761 0.03962 0.03535 0.12258 0.01482 0.01055 0.00285 0.00228 0.05274 
3 20 0.02334 0.02100 0.02684 0.01867 0.13944 0.04726 0.03326 0.06126 0.05484 0.01867 0.13069 0.05484 0.06068 0.03384 0.04667 0.13886 0.01867 0.02684 0.02100 0.00700 0.01634 
3 20 0.05124 0.03919 0.05200 0.03203 0.17219 0.02901 0.02223 0.03919 0.03090 0.00904 0.06029 0.02939 0.03994 0.02411 0.02864 0.16805 0.03542 0.05124 0.03617 0.01356 0.03617 
3 20 0.09485 0.06420 0.07230 0.03644 0.14633 0.02256 0.01099 0.02082 0.01735 0.00231 0.02660 0.01562 0.02024 0.01388 0.02285 0.14430 0.03644 0.07230 0.06478 0.02198 0.07287 
3 20 0.11597 0.02500 0.04583 0.03889 0.20972 0.02917 0.01250 0.02083 0.01528 0.00556 0.17500 0.03125 0.03125 0.01250 0.02778 0.06389 0.00139 0.01389 0.01389 0.01111 0.09931 
3 20 0.10408 0.01837 0.02204 0.01592 0.10286 0.02000 0.01020 0.02612 0.03224 0.01143 0.24735 0.01837 0.03102 0.02082 0.01796 0.09878 0.04122 0.03878 0.02163 0.01469 0.08612 
3 20 0.14042 0.03202 0.04201 0.03819 0.02820 0.04524 0.00470 0.00881 0.00940 0.00353 0.09959 0.12192 0.06257 0.07227 0.05317 0.15071 0.02879 0.02321 0.02291 0.00764 0.00470 
3 20 0.05243 0.00773 0.02483 0.03146 0.21744 0.06236 0.05408 0.07064 0.03091 0.01766 0.17991 0.01214 0.01049 0.00221 0.00773 0.05629 0.01987 0.03808 0.03863 0.01766 0.04746 
3 20 0.05119 0.04188 0.05177 0.03229 0.15271 0.03956 0.02792 0.03956 0.02909 0.00931 0.06050 0.02850 0.04072 0.02850 0.03781 0.14863 0.03461 0.05410 0.04014 0.01163 0.03956 
3 20 0.03629 0.03090 0.04267 0.02943 0.15645 0.03776 0.02894 0.04855 0.04022 0.01177 0.08239 0.03923 0.05002 0.03163 0.04144 0.14762 0.03090 0.04463 0.03090 0.00883 0.02943 
3 20 0.04555 0.04284 0.04989 0.02766 0.16703 0.03416 0.02386 0.04067 0.03416 0.00651 0.06291 0.03308 0.04121 0.02440 0.03579 0.16540 0.02711 0.04935 0.04284 0.01085 0.03471 
3 20 0.04665 0.03854 0.04361 0.03043 0.14706 0.04564 0.02941 0.04767 0.03651 0.01217 0.06085 0.03550 0.04767 0.03043 0.04462 0.14655 0.03296 0.04462 0.03651 0.01420 0.02840 
3 20 0.10478 0.01812 0.03394 0.02405 0.14333 0.02636 0.02109 0.02504 0.01450 0.01318 0.13937 0.00461 0.00593 0.00461 0.00461 0.09160 0.05898 0.07875 0.06557 0.02109 0.10049 
3 20 0.08414 0.03215 0.04394 0.02733 0.15005 0.03912 0.03430 0.04019 0.01929 0.00857 0.15434 0.02251 0.02251 0.01876 0.02680 0.09807 0.03001 0.04609 0.03323 0.01393 0.05466 
3 20 0.09959 0.03205 0.05169 0.04686 0.20469 0.01344 0.00414 0.00930 0.00689 0.00276 0.17884 0.01344 0.03343 0.03274 0.03653 0.10165 0.01861 0.01861 0.01241 0.00276 0.07960 
3 25 0.03952 0.02652 0.01560 0.04004 0.02808 0.04368 0.10712 0.05642 0.02756 0.03666 0.02444 0.02028 0.06448 0.02028 0.02444 0.03666 0.02808 0.05538 0.11076 0.04056 0.02860 0.03952 0.01768 0.02600 0.01040 0.03120 
3 25 0.04899 0.02803 0.02049 0.04169 0.03250 0.04310 0.11163 0.05181 0.02449 0.02967 0.02214 0.01884 0.05464 0.01884 0.02214 0.02967 0.02496 0.05087 0.11069 0.04381 0.03203 0.04239 0.01931 0.02826 0.01225 0.03674 
3 25 0.09568 0.02300 0.01595 0.02852 0.02024 0.02269 0.06685 0.02392 0.01595 0.01411 0.01503 0.01349 0.11530 0.02055 0.01809 0.03005 0.03741 0.03435 0.13339 0.05550 0.03925 0.03619 0.01963 0.01779 0.01227 0.07482 
3 25 0.07875 0.02145 0.01919 0.03048 0.01919 0.02258 0.06435 0.02907 0.03105 0.03556 0.03443 0.02907 0.05306 0.00790 0.01044 0.02935 0.03133 0.03697 0.12391 0.03839 0.05306 0.05476 0.03669 0.03274 0.01806 0.05814 
3 25 0.05428 0.02322 0.01647 0.03079 0.02701 0.03025 0.08696 0.03106 0.02403 0.02295 0.01647 0.01647 0.09317 0.02782 0.03970 0.04834 0.04078 0.04861 0.11369 0.02998 0.05131 0.03754 0.02647 0.01377 0.00297 0.04591 
3 25 0.06210 0.01508 0.00897 0.01866 0.00646 0.01687 0.08973 0.03482 0.02943 0.03051 0.01436 0.01149 0.12706 0.02979 0.03195 0.06138 0.06174 0.07681 0.13209 0.01508 0.02297 0.02297 0.01579 0.00861 0.00574 0.04953 
3 25 0.06395 0.01801 0.01323 0.02646 0.01066 0.02646 0.08379 0.02940 0.02683 0.03675 0.02720 0.01544 0.10584 0.01250 0.01250 0.01544 0.01727 0.02609 0.11209 0.05366 0.05255 0.06431 0.03675 0.04300 0.01838 0.05145 
3 25 0.05633 0.01239 0.01121 0.01622 0.01386 0.01003 0.06252 0.04984 0.04276 0.02978 0.02772 0.02507 0.13831 0.02359 0.02743 0.01769 0.02536 0.02595 0.08906 0.05809 0.07579 0.05426 0.03214 0.02035 0.00472 0.04954 
3 25 0.08722 0.02979 0.01679 0.03304 0.02059 0.02709 0.09913 0.03738 0.02925 0.01408 0.00921 0.00867 0.07367 0.02059 0.02275 0.02871 0.02654 0.02871 0.09101 0.03250 0.03034 0.05309 0.03250 0.04280 0.02817 0.07638 
3 25 0.07962 0.02404 0.01402 0.02404 0.01502 0.02554 0.04857 0.02003 0.02153 0.01452 0.01302 0.01602 0.16375 0.02153 0.02404 0.03105 0.04256 0.05608 0.13220 0.06410 0.02754 0.02704 0.01202 0.01602 0.00401 0.06209 
3 25 0.06100 0.01568 0.01226 0.02252 0.01226 0.02594 0.19014 0.05644 0.05473 0.04647 0.02509 0.02081 0.08495 0.02052 0.02281 0.03848 0.03962 0.04447 0.10120 0.02138 0.01425 0.01055 0.00114 0.00228 0.00228 0.05274 
3 25 0.02334 0.01517 0.01050 0.02217 0.01867 0.02334 0.11610 0.06243 0.03384 0.04551 0.03967 0.03384 0.11202 0.03384 0.03967 0.04551 0.03384 0.06184 0.11552 0.02334 0.01867 0.02217 0.01050 0.01517 0.00700 0.01634 
3 25 0.05124 0.02826 0.02072 0.04258 0.03165 0.04032 0.13188 0.03881 0.02185 0.02977 0.02185 0.01809 0.05124 0.01733 0.02110 0.03165 0.02110 0.03994 0.12811 0.03994 0.03542 0.03919 0.02185 0.02638 0.01356 0.03617 
3 25 0.09485 0.04627 0.03008 0.06015 0.03644 0.04858 0.09774 0.02660 0.01330 0.01446 0.01157 0.00810 0.02313 0.00810 0.01099 0.01562 0.01243 0.02892 0.09427 0.05003 0.03644 0.06015 0.03008 0.04685 0.02198 0.07287 
3 25 0.11597 0.01806 0.01806 0.04028 0.03333 0.05417 0.15556 0.03194 0.01667 0.01389 0.01111 0.00972 0.16389 0.01944 0.02292 0.01458 0.02778 0.02917 0.05000 0.01389 0.00000 0.01389 0.00417 0.01111 0.01111 0.09931 
3 25 0.03837 0.03224 0.01551 0.01551 0.01469 0.08612 0.10367 0.01469 0.00857 0.02122 0.01224 0.01755 0.08531 0.02204 0.01755 0.01673 0.02327 0.02041 0.23592 0.01755 0.01224 0.01878 0.02857 0.02204 0.05959 0.03959 
3 25 0.00411 0.00823 0.00176 0.00881 0.00353 0.09959 0.12192 0.04260 0.03467 0.06199 0.04877 0.05317 0.09753 0.03437 0.02438 0.01616 0.00588 0.00646 0.12515 0.02321 0.02409 0.03378 0.03907 0.03555 0.03525 0.00999 
3 25 0.05188 0.00662 0.00773 0.01932 0.03091 0.04029 0.17715 0.07064 0.07064 0.04581 0.01876 0.02980 0.17108 0.01104 0.00993 0.00331 0.00828 0.00883 0.03918 0.01711 0.01766 0.03146 0.02263 0.02483 0.01766 0.04746 
3 25 0.05119 0.02996 0.01891 0.04508 0.03200 0.04799 0.10471 0.05236 0.02327 0.03141 0.02094 0.01745 0.05236 0.01629 0.02036 0.03200 0.02443 0.05061 0.10355 0.04508 0.03432 0.04567 0.02007 0.02880 0.01163 0.03956 
3 25 0.03629 0.02207 0.01667 0.03482 0.02943 0.03335 0.12310 0.04953 0.03041 0.03531 0.02845 0.02354 0.07062 0.02305 0.02795 0.03801 0.02992 0.05517 0.11133 0.03629 0.03090 0.03629 0.01717 0.02207 0.00883 0.02943 
3 25 0.04555 0.03037 0.01952 0.04284 0.02766 0.03905 0.12852 0.04338 0.02386 0.03091 0.02440 0.01627 0.05531 0.01681 0.02386 0.03200 0.02278 0.04610 0.12527 0.04067 0.02711 0.04230 0.01952 0.03037 0.01085 0.03471 
3 25 0.04665 0.02840 0.01724 0.03651 0.03043 0.04868 0.09838 0.05984 0.02637 0.03651 0.02637 0.02231 0.05071 0.02028 0.02535 0.03753 0.02637 0.05882 0.09838 0.04817 0.03245 0.03803 0.01673 0.02688 0.01420 0.02840 
3 25 0.05766 0.06194 0.04152 0.04217 0.02109 0.10049 0.10445 0.01417 0.01417 0.02636 0.02175 0.02339 0.11993 0.03031 0.02372 0.01845 0.01120 0.01647 0.13674 0.00329 0.00395 0.00198 0.00791 0.00527 0.04811 0.04349 
3 25 0.08414 0.02197 0.02144 0.03483 0.02519 0.02358 0.12647 0.04448 0.04341 0.02572 0.01286 0.01501 0.13719 0.02144 0.01822 0.01393 0.02412 0.02787 0.07235 0.02787 0.02787 0.03644 0.02251 0.02251 0.01393 0.05466 
3 25 0.09924 0.02136 0.02205 0.04445 0.04307 0.05445 0.15059 0.01378 0.00758 0.00517 0.00482 0.00482 0.17023 0.01206 0.00999 0.02516 0.03480 0.04101 0.08098 0.02240 0.01792 0.01516 0.00655 0.01068 0.00207 0.07960 
3 30 0.03952 0.01092 0.02652 0.02652 0.01820 0.02808 0.04368 0.10712 0.04238 0.03120 0.01638 0.03068 0.02444 0.00988 0.01040 0.07488 0.00988 0.02444 0.03068 0.01638 0.03172 0.04134 0.11076 0.04056 0.02860 0.01664 0.03016 0.02600 0.01040 0.01040 0.03120 
3 30 0.04899 0.01083 0.02779 0.03439 0.01719 0.03250 0.04310 0.11163 0.03957 0.02826 0.01507 0.02308 0.02214 0.00848 0.01036 0.06500 0.00848 0.02214 0.02308 0.01507 0.02873 0.03862 0.11069 0.04381 0.03203 0.01837 0.03250 0.02779 0.01130 0.01225 0.03674 
3 30 0.09568 0.00644 0.02760 0.02024 0.01319 0.02024 0.02269 0.06685 0.02208 0.00797 0.01165 0.01227 0.01503 0.00613 0.00736 0.12879 0.00705 0.01809 0.02760 0.01717 0.02883 0.02821 0.13339 0.05550 0.03895 0.02116 0.02515 0.02085 0.00675 0.01227 0.07482 
3 30 0.07875 0.00790 0.02484 0.02540 0.01298 0.01919 0.02258 0.06435 0.02427 0.02202 0.01637 0.03302 0.03443 0.01383 0.01524 0.05701 0.00395 0.01044 0.02343 0.01185 0.03274 0.02964 0.12391 0.03839 0.05306 0.02089 0.05588 0.03359 0.01383 0.01806 0.05814 
3 30 0.05428 0.00972 0.02430 0.02295 0.01350 0.02701 0.03025 0.08696 0.02674 0.01836 0.01350 0.01944 0.01647 0.00675 0.00972 0.10613 0.01485 0.03970 0.04267 0.01890 0.03646 0.03970 0.11369 0.02998 0.05131 0.01188 0.04348 0.01566 0.00675 0.00297 0.04591 
3 30 0.06210 0.00610 0.01400 0.00897 0.01364 0.00646 0.01687 0.08973 0.02836 0.02584 0.01256 0.02800 0.01436 0.00574 0.00574 0.14429 0.01256 0.03195 0.05025 0.02728 0.05887 0.06353 0.13209 0.01508 0.02297 0.00790 0.02656 0.01005 0.00287 0.00574 0.04953 
3 30 0.06395 0.00698 0.01838 0.01507 0.01727 0.01066 0.02646 0.08379 0.02352 0.02646 0.01066 0.03234 0.02720 0.00956 0.00588 0.11466 0.00368 0.01250 0.01250 0.01139 0.01176 0.02315 0.11209 0.05366 0.05255 0.02940 0.05145 0.04373 0.01948 0.01838 0.05145 
3 30 0.05633 0.00560 0.01386 0.01533 0.00501 0.01386 0.01003 0.06252 0.04306 0.03096 0.02595 0.02241 0.02772 0.01209 0.01298 0.15246 0.00944 0.02743 0.01416 0.01828 0.01298 0.02359 0.08906 0.05809 0.07579 0.02359 0.05013 0.02271 0.01032 0.00472 0.04954 
3 30 0.08722 0.01138 0.03304 0.01679 0.02059 0.01842 0.02709 0.09913 0.03413 0.01625 0.01842 0.01192 0.00921 0.00542 0.00325 0.08559 0.00867 0.02275 0.02763 0.01300 0.01950 0.02384 0.09101 0.03250 0.02979 0.02546 0.04009 0.04550 0.01788 0.02817 0.07638 
3 30 0.07962 0.00851 0.02654 0.01602 0.01102 0.01502 0.02554 0.04857 0.01703 0.01002 0.01452 0.01452 0.01302 0.00501 0.01102 0.17677 0.00851 0.02404 0.02504 0.01853 0.03806 0.04807 0.13220 0.06410 0.02754 0.01803 0.01302 0.01703 0.00701 0.00401 0.06209 
3 30 0.06100 0.00684 0.01796 0.01340 0.01226 0.01226 0.02537 0.19071 0.04675 0.04732 0.02594 0.03763 0.02480 0.01140 0.00969 0.09635 0.00912 0.02281 0.03335 0.01682 0.03706 0.03535 0.10120 0.02138 0.01368 0.01055 0.00114 0.00228 0.00057 0.00228 0.05274 
3 30 0.02334 0.00583 0.01517 0.01750 0.00933 0.01867 0.02334 0.11610 0.04726 0.03326 0.02159 0.03967 0.03967 0.01517 0.01867 0.13069 0.01517 0.03967 0.03967 0.02100 0.03384 0.04667 0.11552 0.02334 0.01867 0.00933 0.01750 0.01517 0.00583 0.00700 0.01634 
3 30 0.05124 0.01130 0.02788 0.03542 0.01696 0.03165 0.04032 0.13188 0.02901 0.02185 0.01319 0.02638 0.02185 0.00904 0.00904 0.06029 0.00829 0.02110 0.02864 0.01130 0.02411 0.02864 0.12811 0.03994 0.03542 0.01432 0.03693 0.02638 0.00980 0.01356 0.03617 
3 30 0.09485 0.01793 0.04627 0.04974 0.02256 0.03644 0.04858 0.09774 0.02256 0.01041 0.00983 0.01157 0.01157 0.00578 0.00231 0.02660 0.00463 0.01099 0.01215 0.00810 0.01388 0.02285 0.09427 0.05003 0.03644 0.02313 0.04916 0.04685 0.01793 0.02198 0.07287 
3 30 0.11597 0.00694 0.01806 0.02361 0.02778 0.03333 0.05417 0.15556 0.02917 0.01111 0.01250 0.00972 0.01111 0.00417 0.00556 0.17500 0.00833 0.02292 0.01458 0.02292 0.00625 0.02778 0.05139 0.01250 0.00000 0.01111 0.00417 0.00972 0.00417 0.01111 0.09931 
3 30 0.10367 0.00490 0.01388 0.00939 0.01673 0.01184 0.01755 0.08531 0.02000 0.00857 0.01224 0.01551 0.02327 0.00898 0.01143 0.24653 0.00694 0.01224 0.01796 0.01551 0.01837 0.01796 0.05918 0.03959 0.03837 0.02082 0.02082 0.01592 0.00571 0.01469 0.08612 
3 30 0.12162 0.01851 0.04436 0.04730 0.02938 0.04877 0.05317 0.09753 0.02879 0.02174 0.01322 0.01116 0.00588 0.00176 0.00470 0.14042 0.00793 0.02409 0.02850 0.01469 0.03702 0.02820 0.03525 0.00999 0.00411 0.00588 0.00353 0.00823 0.00118 0.00353 0.09959 
3 30 0.05188 0.00221 0.00607 0.01269 0.01269 0.03091 0.04029 0.17715 0.06236 0.04249 0.04415 0.03808 0.01876 0.01214 0.01766 0.17991 0.00221 0.00993 0.00331 0.00828 0.00110 0.00773 0.03918 0.01711 0.01766 0.01214 0.02815 0.02980 0.00883 0.01766 0.04746 
3 30 0.05119 0.01222 0.02967 0.03200 0.02007 0.03200 0.04799 0.10471 0.03956 0.02792 0.01396 0.02560 0.02094 0.00814 0.00931 0.06050 0.00814 0.02036 0.02618 0.01454 0.02850 0.03781 0.10355 0.04508 0.03432 0.02007 0.03432 0.02850 0.01163 0.01163 0.03956 
3 30 0.03629 0.00883 0.02207 0.02894 0.01373 0.02943 0.03335 0.12310 0.03776 0.02845 0.01962 0.02943 0.02845 0.01177 0.01177 0.08239 0.01128 0.02795 0.03188 0.01839 0.03139 0.04144 0.11133 0.03629 0.03090 0.01471 0.02992 0.02207 0.00883 0.00883 0.02943 
3 30 0.04555 0.01193 0.03091 0.03200 0.01790 0.02766 0.03905 0.12798 0.03416 0.02386 0.01518 0.02549 0.02440 0.00976 0.00651 0.06291 0.00922 0.02386 0.02711 0.01410 0.02440 0.03579 0.12473 0.04067 0.02711 0.01735 0.03200 0.03091 0.01193 0.01085 0.03471 
3 30 0.04665 0.01014 0.02840 0.02637 0.01724 0.03043 0.04868 0.09838 0.04564 0.02941 0.01724 0.03043 0.02637 0.01014 0.01217 0.06085 0.01014 0.02535 0.03144 0.01623 0.03043 0.04462 0.09838 0.04817 0.03245 0.01876 0.02637 0.02637 0.01014 0.01420 0.02840 
3 30 0.10412 0.00626 0.01252 0.02208 0.01417 0.02175 0.02339 0.11993 0.02636 0.01845 0.01318 0.01450 0.01120 0.00329 0.01318 0.13937 0.00066 0.00395 0.00198 0.00461 0.00395 0.00461 0.04811 0.04349 0.05766 0.02273 0.05733 0.04745 0.01845 0.02076 0.10049 
3 30 0.08414 0.00750 0.02465 0.03001 0.01608 0.02519 0.02358 0.12647 0.03912 0.02894 0.02626 0.01929 0.01286 0.00643 0.00857 0.15434 0.00429 0.01822 0.01072 0.01501 0.01554 0.02465 0.07449 0.02572 0.02680 0.01715 0.03215 0.02519 0.00804 0.01393 0.05466 
3 30 0.09924 0.00861 0.02378 0.03032 0.02516 0.04307 0.05445 0.15024 0.01344 0.00276 0.00689 0.00379 0.00482 0.00207 0.00276 0.17884 0.00345 0.00999 0.02102 0.01620 0.02895 0.03515 0.08063 0.02240 0.01723 0.01103 0.00896 0.00724 0.00620 0.00172 0.07960 
3 35 0.03952 0.01092 0.01560 0.01560 0.02912 0.01820 0.02080 0.04368 0.10712 0.00936 0.04706 0.01716 0.02106 0.02600 0.02444 0.00988 0.01040 0.06448 0.01040 0.00988 0.02444 0.02600 0.02106 0.01768 0.04654 0.00884 0.11076 0.04056 0.02288 0.01664 0.02860 0.01768 0.01560 0.01040 0.01040 0.03120 
3 35 0.04899 0.01083 0.01719 0.02049 0.03015 0.01696 0.02708 0.04310 0.11163 0.00942 0.04239 0.01602 0.01837 0.01978 0.02214 0.00848 0.01036 0.05464 0.01036 0.00848 0.02214 0.01978 0.01837 0.01649 0.04192 0.00895 0.11069 0.04381 0.02591 0.01790 0.03062 0.01931 0.01696 0.01130 0.01225 0.03674 
3 35 0.09568 0.00644 0.01656 0.01595 0.01963 0.01319 0.01595 0.02269 0.06685 0.00920 0.01472 0.00613 0.01411 0.00981 0.01503 0.00613 0.00736 0.11530 0.01349 0.00705 0.01809 0.02637 0.01840 0.02269 0.02515 0.00981 0.13278 0.05550 0.03097 0.01932 0.02515 0.01901 0.01165 0.00675 0.01227 0.07482 
3 35 0.07875 0.00790 0.01355 0.01919 0.02089 0.01129 0.01750 0.02258 0.06435 0.00677 0.02230 0.01778 0.02202 0.02681 0.03415 0.01411 0.01524 0.05306 0.00395 0.00423 0.01016 0.02173 0.01355 0.02540 0.02681 0.01016 0.12391 0.03839 0.04826 0.01835 0.04121 0.03669 0.01976 0.01298 0.01806 0.05814 
3 35 0.05428 0.00891 0.01431 0.01647 0.02376 0.01296 0.02106 0.03025 0.08696 0.00918 0.02187 0.01404 0.01620 0.01674 0.01647 0.00675 0.00972 0.09317 0.01296 0.01485 0.03970 0.03538 0.02619 0.02755 0.03727 0.01134 0.11369 0.02998 0.04645 0.01134 0.03106 0.02647 0.00756 0.00648 0.00270 0.04591 
3 35 0.06210 0.00538 0.00969 0.00897 0.01005 0.01005 0.00503 0.01687 0.08973 0.00861 0.02620 0.01938 0.01615 0.02441 0.01436 0.00574 0.00574 0.12706 0.01723 0.01256 0.03195 0.04594 0.03159 0.04559 0.05456 0.02225 0.13209 0.01508 0.02225 0.00718 0.01651 0.01579 0.00574 0.00287 0.00574 0.04953 
3 35 0.06395 0.00698 0.01103 0.01323 0.01580 0.01323 0.00809 0.02646 0.08379 0.00588 0.02352 0.02058 0.01801 0.02499 0.02720 0.00956 0.00588 0.10584 0.00882 0.00368 0.01250 0.01176 0.01213 0.00882 0.01727 0.00882 0.11209 0.05366 0.04337 0.02536 0.04814 0.03675 0.02389 0.01948 0.01801 0.05145 
3 35 0.05633 0.00560 0.00678 0.01121 0.01268 0.00531 0.01209 0.01003 0.06252 0.01740 0.03244 0.02418 0.03037 0.01799 0.02772 0.01209 0.01298 0.13831 0.01416 0.00944 0.02743 0.01180 0.02064 0.01062 0.01769 0.00826 0.08906 0.05809 0.06193 0.02153 0.04659 0.03214 0.01003 0.01032 0.00472 0.04954 
3 35 0.08722 0.01138 0.01842 0.01679 0.02221 0.01733 0.01408 0.02709 0.09913 0.01408 0.02329 0.01408 0.02004 0.00921 0.00921 0.00542 0.00325 0.07367 0.01192 0.00921 0.02221 0.02546 0.01517 0.01463 0.02221 0.00650 0.09101 0.03250 0.02654 0.02113 0.03575 0.03142 0.02600 0.01788 0.02817 0.07638 
3 35 0.07962 0.00751 0.01652 0.01402 0.01652 0.01052 0.01202 0.02554 0.04757 0.00651 0.01452 0.00701 0.01652 0.01252 0.01302 0.00501 0.01102 0.16375 0.01302 0.00851 0.02404 0.02303 0.01953 0.03105 0.04306 0.01302 0.13220 0.06410 0.02053 0.01602 0.01803 0.01202 0.00901 0.00701 0.00401 0.06209 
3 35 0.06100 0.00684 0.00912 0.01197 0.01568 0.01055 0.00855 0.02537 0.19042 0.01682 0.03991 0.03791 0.03079 0.03250 0.02480 0.01083 0.01026 0.08495 0.01169 0.00912 0.02252 0.03050 0.01910 0.02851 0.03421 0.01026 0.10120 0.02138 0.00912 0.00941 0.00627 0.00114 0.00171 0.00057 0.00228 0.05274 
3 35 0.02334 0.00583 0.00933 0.01050 0.01634 0.00933 0.01517 0.02334 0.11610 0.00875 0.05368 0.01809 0.02742 0.03384 0.03967 0.01517 0.01867 0.11202 0.01867 0.01517 0.03967 0.03384 0.02684 0.01867 0.05368 0.00817 0.11552 0.02334 0.01517 0.00933 0.01634 0.01050 0.00933 0.00583 0.00700 0.01634 
3 35 0.05124 0.01130 0.01696 0.02072 0.03090 0.01658 0.02675 0.04032 0.13188 0.00528 0.03353 0.01206 0.01771 0.02185 0.02185 0.00904 0.00904 0.05124 0.00904 0.00829 0.02110 0.02487 0.01507 0.01281 0.03542 0.00452 0.12811 0.03994 0.03090 0.01432 0.02939 0.02185 0.01658 0.00980 0.01356 0.03617 
3 35 0.09485 0.01793 0.02834 0.03008 0.04164 0.02256 0.03239 0.04858 0.09774 0.00578 0.02082 0.00636 0.01446 0.00694 0.01157 0.00578 0.00231 0.02313 0.00347 0.00463 0.01099 0.00925 0.01099 0.00781 0.02313 0.00578 0.09427 0.05003 0.03181 0.02313 0.04164 0.03008 0.02892 0.01793 0.02198 0.07287 
3 35 0.11597 0.00694 0.01111 0.01806 0.02639 0.02222 0.02500 0.05417 0.15556 0.01111 0.02083 0.00833 0.01389 0.00833 0.01111 0.00417 0.00556 0.16389 0.01111 0.00833 0.02292 0.01111 0.02431 0.00694 0.01806 0.01111 0.05139 0.01250 0.00000 0.00694 0.00694 0.00417 0.00694 0.00417 0.01111 0.09931 
3 35 0.10327 0.00531 0.00980 0.00857 0.00980 0.01429 0.00939 0.01755 0.08531 0.00735 0.01469 0.00653 0.01633 0.01143 0.02327 0.00898 0.01143 0.23592 0.01143 0.00612 0.01224 0.01714 0.01633 0.01388 0.01469 0.00776 0.05918 0.03959 0.02980 0.01959 0.02122 0.01551 0.01020 0.00531 0.01469 0.08612 
3 35 0.12162 0.01821 0.02497 0.03437 0.04612 0.02556 0.03907 0.05317 0.09753 0.01116 0.02321 0.01616 0.01381 0.01058 0.00588 0.00176 0.00470 0.12515 0.01528 0.00793 0.02409 0.02703 0.01616 0.02967 0.02908 0.00646 0.03525 0.00999 0.00353 0.00588 0.00294 0.00176 0.00764 0.00176 0.00294 0.09959 
3 35 0.05188 0.00166 0.00497 0.00773 0.01490 0.01214 0.02318 0.04029 0.17715 0.02815 0.04249 0.03477 0.04912 0.03256 0.01876 0.01214 0.01766 0.17108 0.00883 0.00221 0.00993 0.00331 0.00828 0.00000 0.00552 0.00331 0.03918 0.01711 0.01656 0.01104 0.02152 0.02263 0.01600 0.00883 0.01766 0.04746 
3 35 0.05119 0.01222 0.01774 0.01891 0.03258 0.01978 0.02472 0.04799 0.10471 0.00931 0.04305 0.01513 0.01745 0.02211 0.02094 0.00814 0.00931 0.05236 0.00814 0.00814 0.02036 0.02211 0.01862 0.01571 0.04188 0.00873 0.10355 0.04508 0.02763 0.01978 0.03258 0.02007 0.01716 0.01163 0.01163 0.03956 
3 35 0.03629 0.00883 0.01324 0.01667 0.02599 0.01373 0.02452 0.03335 0.12310 0.00785 0.04169 0.01667 0.02550 0.02354 0.02845 0.01177 0.01177 0.07062 0.01177 0.01128 0.02795 0.02648 0.02379 0.01766 0.04635 0.00883 0.11133 0.03629 0.02550 0.01471 0.02697 0.01717 0.01324 0.00883 0.00883 0.02943 
3 35 0.04555 0.01193 0.01898 0.01898 0.03037 0.01790 0.02223 0.03905 0.12798 0.00759 0.03633 0.01410 0.02169 0.01898 0.02440 0.00976 0.00651 0.05531 0.00759 0.00922 0.02386 0.02169 0.01952 0.01356 0.03850 0.00813 0.12473 0.04067 0.02169 0.01735 0.03037 0.01898 0.01898 0.01193 0.01085 0.03471 
3 35 0.04665 0.01014 0.01826 0.01724 0.02637 0.01724 0.02333 0.04868 0.09838 0.01116 0.04868 0.01521 0.02130 0.02637 0.02637 0.01014 0.01217 0.05071 0.01014 0.01014 0.02535 0.02637 0.02130 0.01623 0.04868 0.01014 0.09838 0.04817 0.02485 0.01826 0.02738 0.01673 0.01673 0.01014 0.01420 0.02840 
3 35 0.10412 0.00593 0.00857 0.01417 0.01680 0.01186 0.01944 0.02339 0.11993 0.01054 0.01977 0.01450 0.01318 0.01450 0.01120 0.00329 0.01318 0.13674 0.00264 0.00066 0.00395 0.00198 0.00395 0.00395 0.00395 0.00132 0.04811 0.04349 0.04975 0.02076 0.04909 0.04152 0.02504 0.01779 0.02043 0.10049 
3 35 0.08360 0.00750 0.01501 0.02144 0.02304 0.01393 0.02304 0.02358 0.12647 0.01501 0.02947 0.02465 0.02733 0.01715 0.01286 0.00643 0.00857 0.13719 0.01715 0.00429 0.01822 0.01072 0.01393 0.01340 0.02090 0.00911 0.07235 0.02572 0.02572 0.01286 0.02572 0.02251 0.01447 0.00804 0.01393 0.05466 
3 35 0.09924 0.00861 0.01275 0.02205 0.03308 0.02171 0.03274 0.05445 0.15024 0.00586 0.00827 0.00207 0.00758 0.00310 0.00482 0.00207 0.00276 0.17023 0.00861 0.00345 0.00999 0.01999 0.01688 0.02309 0.02791 0.01482 0.07926 0.02240 0.01585 0.00896 0.00827 0.00655 0.00655 0.00482 0.00138 0.07960 
3 40 0.03016 0.00936 0.01092 0.02652 0.01560 0.02912 0.00728 0.02080 0.04368 0.10712 0.00000 0.04238 0.02522 0.00624 0.02886 0.01794 0.02444 0.00988 0.01040 0.00000 0.06448 0.01040 0.00988 0.02444 0.01794 0.02886 0.00624 0.02574 0.04134 0.00000 0.11076 0.04056 0.02288 0.00572 0.02912 0.01768 0.02600 0.01040 0.01040 0.00000 0.03120 
3 40 0.03580 0.01319 0.01083 0.02779 0.02049 0.03085 0.00565 0.02708 0.04310 0.11163 0.00000 0.03957 0.02167 0.00659 0.02402 0.01413 0.02214 0.00848 0.01036 0.00000 0.05464 0.01036 0.00848 0.02214 0.01413 0.02402 0.00659 0.02214 0.03862 0.00000 0.11069 0.04381 0.02591 0.00659 0.03109 0.01931 0.02779 0.01130 0.01225 0.00000 0.03674 
3 40 0.07605 0.01993 0.00613 0.02760 0.01533 0.01748 0.00981 0.01104 0.02269 0.06685 0.00000 0.02208 0.00307 0.00736 0.01288 0.00859 0.01503 0.00613 0.00736 0.00000 0.11530 0.01349 0.00705 0.01809 0.01779 0.02392 0.01349 0.01840 0.02821 0.00061 0.13278 0.05550 0.02024 0.02147 0.02729 0.01625 0.02085 0.00675 0.01227 0.00000 0.07482 
3 40 0.06633 0.01242 0.00790 0.02484 0.01693 0.01976 0.00819 0.01270 0.02258 0.06435 0.00000 0.02427 0.01468 0.00988 0.02653 0.02032 0.03415 0.01411 0.01524 0.00000 0.05306 0.00395 0.00423 0.01016 0.01298 0.02145 0.01411 0.01948 0.02964 0.00000 0.12391 0.03839 0.03641 0.01976 0.03980 0.03387 0.03359 0.01383 0.01806 0.00000 0.05814 
3 40 0.04348 0.01080 0.00972 0.02430 0.01485 0.02106 0.01296 0.01458 0.03025 0.08696 0.00000 0.02674 0.01053 0.00972 0.01890 0.01215 0.01647 0.00675 0.00972 0.00000 0.09317 0.01296 0.01485 0.03970 0.02511 0.03592 0.01566 0.02133 0.03970 0.00000 0.11369 0.02998 0.03403 0.01782 0.03133 0.02349 0.01566 0.00675 0.00297 0.00000 0.04591 
3 40 0.04917 0.01292 0.00646 0.01364 0.00826 0.01077 0.00646 0.00359 0.01687 0.08973 0.00000 0.02836 0.01687 0.01077 0.02333 0.01543 0.01436 0.00574 0.00574 0.00000 0.12706 0.01723 0.01256 0.03195 0.03051 0.04379 0.02764 0.03446 0.06353 0.00000 0.13209 0.01508 0.01651 0.00718 0.01866 0.01508 0.01005 0.00287 0.00574 0.00000 0.04953 
3 40 0.05292 0.01103 0.00698 0.01838 0.01139 0.01654 0.00882 0.00625 0.02646 0.08379 0.00000 0.02352 0.01617 0.01029 0.02536 0.01764 0.02720 0.00956 0.00588 0.00000 0.10584 0.00882 0.00368 0.01250 0.00882 0.01360 0.00735 0.00588 0.02315 0.00000 0.11209 0.05366 0.03234 0.02462 0.04373 0.03271 0.04373 0.01948 0.01838 0.00000 0.05145 
3 40 0.05161 0.00501 0.00531 0.01386 0.00944 0.01091 0.00560 0.00826 0.01003 0.06252 0.00000 0.04306 0.01592 0.01858 0.02949 0.01533 0.02772 0.01209 0.01298 0.00000 0.13831 0.01416 0.00944 0.02743 0.01180 0.01946 0.00944 0.00472 0.02359 0.00000 0.08906 0.05809 0.04571 0.03185 0.04423 0.02772 0.02271 0.01032 0.00472 0.00000 0.04954 
3 40 0.07638 0.01083 0.01138 0.03304 0.01300 0.02004 0.01300 0.00975 0.02709 0.09913 0.00000 0.03413 0.00758 0.01354 0.01733 0.00813 0.00921 0.00542 0.00325 0.00000 0.07367 0.01192 0.00921 0.02221 0.01788 0.02059 0.00813 0.01354 0.02384 0.00000 0.09101 0.03250 0.02004 0.01463 0.03250 0.02817 0.04550 0.01788 0.02817 0.00000 0.07638 
3 40 0.06159 0.01803 0.00901 0.02604 0.01302 0.01352 0.00801 0.00751 0.02554 0.04757 0.00100 0.01703 0.00601 0.00551 0.01803 0.00951 0.01302 0.00501 0.01102 0.00000 0.16375 0.01302 0.00851 0.02404 0.01703 0.02454 0.01803 0.02203 0.04807 0.00000 0.13220 0.06410 0.01052 0.02003 0.01903 0.00901 0.01703 0.00701 0.00401 0.00000 0.06209 
3 40 0.05302 0.00798 0.00684 0.01796 0.00969 0.01425 0.00827 0.00570 0.02537 0.19042 0.00029 0.04675 0.02851 0.02252 0.03791 0.02195 0.02480 0.01083 0.01026 0.00000 0.08495 0.01169 0.00912 0.02252 0.02024 0.02737 0.01596 0.02366 0.03535 0.00000 0.10120 0.02138 0.00599 0.00884 0.00941 0.00114 0.00228 0.00057 0.00228 0.00000 0.05274 
3 40 0.01634 0.00700 0.00583 0.01517 0.01050 0.01634 0.00350 0.01517 0.02334 0.11610 0.00000 0.04726 0.02742 0.00583 0.03676 0.02450 0.03967 0.01517 0.01867 0.00000 0.11202 0.01867 0.01517 0.03967 0.02450 0.03617 0.00583 0.02800 0.04667 0.00000 0.11552 0.02334 0.01517 0.00350 0.01634 0.01050 0.01517 0.00583 0.00700 0.00000 0.01634 
3 40 0.03919 0.01206 0.01130 0.02788 0.02072 0.03127 0.00528 0.02675 0.04032 0.13188 0.00000 0.02901 0.01846 0.00377 0.02374 0.01545 0.02185 0.00904 0.00904 0.00000 0.05124 0.00904 0.00829 0.02110 0.01658 0.02336 0.00301 0.02110 0.02864 0.00000 0.12811 0.03994 0.03090 0.00452 0.02939 0.02185 0.02638 0.00980 0.01356 0.00000 0.03617 
3 40 0.07403 0.02082 0.01793 0.04627 0.03008 0.04222 0.00463 0.03181 0.04858 0.09774 0.00000 0.02256 0.00694 0.00405 0.01446 0.00636 0.01157 0.00578 0.00231 0.00000 0.02313 0.00347 0.00463 0.01099 0.00694 0.01330 0.00376 0.01012 0.02285 0.00000 0.09427 0.05003 0.03152 0.00492 0.04222 0.03008 0.04685 0.01793 0.02198 0.00000 0.07287 
3 40 0.09931 0.01667 0.00694 0.01806 0.01667 0.02917 0.02083 0.01806 0.05417 0.15556 0.00000 0.02917 0.00417 0.00833 0.01389 0.00694 0.01111 0.00417 0.00556 0.00000 0.16389 0.01111 0.00833 0.02292 0.01111 0.02014 0.00833 0.00417 0.02778 0.00000 0.05139 0.01250 0.00000 0.00139 0.00972 0.00417 0.00972 0.00417 0.01111 0.00000 0.09931 
3 40 0.08735 0.01673 0.00449 0.01388 0.00857 0.01347 0.00980 0.00612 0.01755 0.08531 0.00000 0.02000 0.00327 0.00694 0.01551 0.01061 0.02327 0.00898 0.01143 0.00000 0.23592 0.01143 0.00612 0.01224 0.01224 0.01878 0.00898 0.01184 0.01755 0.00041 0.05918 0.03959 0.02082 0.02041 0.02449 0.01429 0.01592 0.00571 0.01469 0.00000 0.08612 
3 40 0.09694 0.02497 0.01821 0.04436 0.03114 0.04113 0.02409 0.02908 0.05317 0.09753 0.00000 0.02879 0.01175 0.01146 0.01616 0.00676 0.00588 0.00176 0.00470 0.00000 0.12515 0.01528 0.00793 0.02409 0.01880 0.02321 0.01557 0.02262 0.02820 0.00000 0.03525 0.00999 0.00147 0.00323 0.00646 0.00235 0.00764 0.00176 0.00353 0.00000 0.09959 
3 40 0.04857 0.00386 0.00166 0.00607 0.00717 0.01766 0.01656 0.01490 0.04029 0.17715 0.00000 0.06236 0.02594 0.02815 0.04581 0.02483 0.01876 0.01214 0.01766 0.00000 0.17108 0.00883 0.00221 0.00993 0.00331 0.00717 0.00110 0.00110 0.00773 0.00000 0.03918 0.01711 0.01159 0.00828 0.01876 0.01932 0.02980 0.00883 0.01766 0.00000 0.04746 
3 40 0.03956 0.01163 0.01222 0.02967 0.01891 0.03287 0.00756 0.02472 0.04799 0.10471 0.00000 0.03956 0.02211 0.00582 0.02443 0.01513 0.02094 0.00814 0.00931 0.00000 0.05236 0.00814 0.00814 0.02036 0.01513 0.02560 0.00582 0.02269 0.03781 0.00000 0.10355 0.04508 0.02763 0.00698 0.03403 0.02007 0.02850 0.01163 0.01163 0.00000 0.03956 
3 40 0.02746 0.00883 0.00883 0.02207 0.01667 0.02599 0.00490 0.02452 0.03335 0.12310 0.00000 0.03776 0.02256 0.00638 0.03090 0.01766 0.02845 0.01177 0.01177 0.00000 0.07062 0.01177 0.01128 0.02795 0.01888 0.03114 0.00638 0.02526 0.04144 0.00000 0.11133 0.03629 0.02550 0.00539 0.02746 0.01717 0.02207 0.00883 0.00883 0.00000 0.02943 
3 40 0.03471 0.01085 0.01193 0.03091 0.01898 0.03091 0.00542 0.02223 0.03905 0.12798 0.00000 0.03416 0.01844 0.00542 0.02603 0.01464 0.02440 0.00976 0.00651 0.00000 0.05531 0.00759 0.00922 0.02386 0.01573 0.02549 0.00488 0.01952 0.03579 0.00000 0.12473 0.04067 0.02169 0.00542 0.03037 0.01898 0.03091 0.01193 0.01085 0.00000 0.03471 
3 40 0.03043 0.01623 0.01014 0.02840 0.01724 0.02637 0.00710 0.02333 0.04868 0.09838 0.00000 0.04564 0.02333 0.00609 0.02941 0.01826 0.02637 0.01014 0.01217 0.00000 0.05071 0.01014 0.01014 0.02535 0.01826 0.02941 0.00609 0.02434 0.04462 0.00000 0.09838 0.04817 0.02485 0.00811 0.02789 0.01673 0.02637 0.01014 0.01420 0.00000 0.02840 
3 40 0.09489 0.00988 0.00560 0.01252 0.01351 0.02043 0.00956 0.01450 0.02339 0.11993 0.00000 0.02636 0.01054 0.01054 0.01450 0.01054 0.01120 0.00329 0.01318 0.00000 0.13674 0.00264 0.00066 0.00395 0.00132 0.00461 0.00329 0.00132 0.00461 0.00000 0.04811 0.04349 0.03591 0.02306 0.04316 0.03558 0.04745 0.01812 0.02109 0.00000 0.10049 
3 40 0.06645 0.01768 0.00750 0.02465 0.02036 0.02358 0.01125 0.01608 0.02358 0.12647 0.00000 0.03912 0.01608 0.01822 0.02733 0.01286 0.01286 0.00643 0.00857 0.00000 0.13719 0.01715 0.00429 0.01822 0.00965 0.01286 0.00911 0.00965 0.02465 0.00214 0.07235 0.02572 0.01929 0.01072 0.02572 0.02036 0.02519 0.00804 0.01393 0.00000 0.05466 
3 40 0.08477 0.01482 0.00827 0.02378 0.01999 0.03170 0.02309 0.02378 0.05445 0.15024 0.00000 0.01344 0.00069 0.00345 0.00620 0.00310 0.00482 0.00207 0.00276 0.00000 0.17057 0.00827 0.00345 0.00999 0.01309 0.02033 0.01551 0.01723 0.03515 0.00138 0.07926 0.02240 0.00999 0.00861 0.01309 0.00551 0.00655 0.00586 0.00276 0.00000 0.07960 
3 45 0.03016 0.00936 0.01092 0.01560 0.01560 0.02184 0.01820 0.01196 0.01612 0.04368 0.00000 0.10712 0.00936 0.04706 0.01716 0.01014 0.01898 0.01794 0.02444 0.00520 0.00468 0.01040 0.06448 0.01040 0.00468 0.00520 0.02444 0.01794 0.01898 0.01014 0.01768 0.04654 0.00884 0.11076 0.00000 0.04056 0.01560 0.01300 0.01664 0.02288 0.01768 0.01560 0.01040 0.01040 0.00000 0.03120 
3 45 0.03580 0.01319 0.01083 0.01719 0.02049 0.02449 0.01696 0.01531 0.01743 0.04310 0.00000 0.11163 0.00942 0.04239 0.01602 0.00848 0.01554 0.01413 0.02214 0.00518 0.00330 0.01036 0.05464 0.01036 0.00330 0.00518 0.02214 0.01413 0.01554 0.00848 0.01649 0.04192 0.00895 0.11069 0.00000 0.04381 0.01790 0.01460 0.01790 0.02402 0.01931 0.01696 0.01130 0.01225 0.00000 0.03674 
3 45 0.07605 0.01963 0.00644 0.01717 0.01533 0.01533 0.01257 0.01411 0.00675 0.02269 0.00000 0.06685 0.00920 0.01472 0.00613 0.00736 0.00797 0.00859 0.01503 0.00245 0.00368 0.00736 0.11530 0.01349 0.00245 0.00460 0.01809 0.01779 0.01533 0.01165 0.02269 0.02515 0.00920 0.13339 0.00000 0.05550 0.01288 0.02883 0.01840 0.01533 0.01687 0.01380 0.00675 0.01227 0.00000 0.07482 
