4 5 0.12496 0.35001 0.10495 0.27080 0.08750 0.06177 
4 5 0.13164 0.34897 0.19322 0.21440 0.01694 0.09482 
4 5 0.13979 0.06410 0.19843 0.43266 0.07433 0.09069 
4 5 0.07179 0.02204 0.02330 0.43388 0.40271 0.04628 
4 5 0.14648 0.27223 0.29869 0.20649 0.02400 0.05210 
4 5 0.12845 0.31823 0.11028 0.32695 0.00460 0.11149 
4 5 0.31212 0.20150 0.00613 0.20150 0.10756 0.17120 
4 5 0.12612 0.27621 0.25135 0.14620 0.18664 0.01348 
4 5 0.24132 0.39179 0.20291 0.04609 0.03735 0.08053 
4 5 0.13539 0.22083 0.12093 0.39303 0.03713 0.09267 
4 5 0.22583 0.27322 0.15299 0.28892 0.04630 0.01273 
4 5 0.08603 0.32339 0.36421 0.13878 0.03046 0.05714 
4 5 0.01205 0.13180 0.18966 0.44870 0.21163 0.00616 
4 5 0.30258 0.41511 0.09519 0.12430 0.01308 0.04972 
4 5 0.09991 0.20012 0.29461 0.30996 0.01053 0.08486 
4 5 0.23210 0.19906 0.15494 0.32737 0.04135 0.04518 
4 5 0.25521 0.44637 0.05236 0.17768 0.06329 0.00508 
4 5 0.23376 0.43273 0.20767 0.01903 0.00489 0.10193 
4 5 0.16064 0.24651 0.09016 0.36887 0.03864 0.09517 
4 5 0.26107 0.46686 0.15508 0.02790 0.01261 0.07647 
4 5 0.28596 0.43155 0.16415 0.02349 0.01189 0.08295 
4 5 0.08994 0.01936 0.12051 0.49121 0.19592 0.08306 
4 5 0.05616 0.44253 0.34594 0.05953 0.06365 0.03220 
4 5 0.17179 0.25319 0.14366 0.35409 0.01650 0.06077 
4 5 0.11916 0.03427 0.22326 0.47715 0.04699 0.09917 
4 10 0.10094 0.02402 0.28996 0.06005 0.02145 0.08350 0.17930 0.09151 0.02574 0.06177 0.06177 
4 10 0.11567 0.01597 0.22809 0.12089 0.05213 0.14109 0.14761 0.06680 0.00619 0.01075 0.09482 
4 10 0.12956 0.01023 0.02864 0.03546 0.06683 0.13161 0.06887 0.36379 0.06887 0.00546 0.09069 
4 10 0.06045 0.01134 0.01700 0.00504 0.00189 0.02141 0.11146 0.32242 0.31171 0.09099 0.04628 
4 10 0.12029 0.02619 0.15685 0.11538 0.11184 0.18685 0.13830 0.06819 0.00873 0.01528 0.05210 
4 10 0.12603 0.00242 0.10058 0.21764 0.05647 0.05381 0.22249 0.10446 0.00242 0.00218 0.11149 
4 10 0.20830 0.10381 0.19775 0.00374 0.00068 0.00545 0.00374 0.19775 0.10381 0.00374 0.17120 
4 10 0.02427 0.10186 0.26543 0.01078 0.01049 0.24086 0.02307 0.12313 0.12762 0.05902 0.01348 
4 10 0.13616 0.10517 0.35523 0.03656 0.01351 0.18940 0.01828 0.02781 0.01510 0.02225 0.08053 
4 10 0.12422 0.01117 0.08643 0.13441 0.08840 0.03253 0.09300 0.30003 0.01742 0.01972 0.09267 
4 10 0.08719 0.13864 0.15814 0.11508 0.07771 0.07528 0.06445 0.22448 0.04278 0.00352 0.01273 
4 10 0.07316 0.01287 0.14223 0.18116 0.07535 0.28885 0.08571 0.05306 0.01852 0.01193 0.05714 
4 10 0.00857 0.00348 0.04661 0.08519 0.06885 0.12081 0.16314 0.28556 0.15564 0.05599 0.00616 
4 10 0.17664 0.12594 0.36703 0.04809 0.00556 0.08963 0.06771 0.05659 0.00491 0.00818 0.04972 
4 10 0.09690 0.00301 0.07252 0.12760 0.11827 0.17635 0.15287 0.15709 0.00512 0.00542 0.08486 
4 10 0.16432 0.06777 0.09953 0.09953 0.10678 0.04817 0.04795 0.27941 0.03708 0.00426 0.04518 
4 10 0.06533 0.18988 0.32918 0.11718 0.03508 0.01729 0.01449 0.16319 0.05541 0.00788 0.00508 
4 10 0.11851 0.11525 0.39032 0.04240 0.04811 0.15955 0.00571 0.01332 0.00272 0.00217 0.10193 
4 10 0.14597 0.01467 0.12415 0.12236 0.06512 0.02504 0.05760 0.31127 0.03470 0.00394 0.09517 
4 10 0.13281 0.12825 0.39388 0.07298 0.08157 0.07352 0.00778 0.02012 0.00751 0.00510 0.07647 
4 10 0.13370 0.15226 0.37181 0.05974 0.04118 0.12297 0.00754 0.01595 0.00812 0.00377 0.08295 
4 10 0.08510 0.00484 0.00994 0.00943 0.00713 0.11338 0.11847 0.37274 0.16178 0.03414 0.08306 
4 10 0.04642 0.00973 0.21003 0.23250 0.11082 0.23512 0.01423 0.04530 0.03894 0.02471 0.03220 
4 10 0.12941 0.04239 0.11890 0.13428 0.07239 0.07127 0.11215 0.24194 0.01388 0.00263 0.06077 
4 10 0.11475 0.00441 0.01610 0.01817 0.03297 0.19029 0.07606 0.40109 0.04206 0.00493 0.09917 
4 15 0.08293 0.02288 0.01916 0.25193 0.06920 0.02888 0.01516 0.03574 0.05405 0.10523 0.10981 0.05576 0.01144 0.04518 0.03088 0.06177 
4 15 0.11079 0.00684 0.01401 0.15803 0.10916 0.08179 0.04497 0.05833 0.08993 0.09938 0.07853 0.03649 0.00424 0.00847 0.00424 0.09482 
4 15 0.11797 0.01637 0.00546 0.01807 0.01364 0.03239 0.05012 0.13058 0.01773 0.03307 0.09206 0.30753 0.06478 0.00818 0.00136 0.09069 
4 15 0.05416 0.00787 0.00976 0.01385 0.00535 0.00283 0.00157 0.00756 0.01417 0.05699 0.10359 0.27330 0.19332 0.16814 0.04125 0.04628 
4 15 0.08838 0.04637 0.01173 0.10447 0.08456 0.08320 0.09193 0.11047 0.09629 0.09602 0.07310 0.03737 0.00600 0.01364 0.00436 0.05210 
4 15 0.12506 0.00097 0.00242 0.04096 0.14106 0.13621 0.05599 0.00364 0.05065 0.13572 0.14736 0.04387 0.00242 0.00097 0.00121 0.11149 
4 15 0.20660 0.00238 0.10313 0.19537 0.00272 0.00340 0.00034 0.00545 0.00034 0.00340 0.00272 0.19537 0.10313 0.00238 0.00204 0.17120 
4 15 0.01917 0.02576 0.08119 0.25614 0.01288 0.00719 0.00899 0.21300 0.02936 0.01648 0.01618 0.11354 0.07639 0.08628 0.02397 0.01348 
4 15 0.11046 0.05033 0.08053 0.33377 0.03417 0.02384 0.00927 0.15656 0.03709 0.01616 0.01007 0.01987 0.01033 0.01616 0.01086 0.08053 
4 15 0.11009 0.01906 0.00624 0.04929 0.08347 0.08807 0.06704 0.04568 0.00822 0.03746 0.12159 0.23398 0.01446 0.01282 0.00986 0.09267 
4 15 0.05145 0.09667 0.07771 0.12483 0.06797 0.08042 0.05714 0.08773 0.00812 0.02843 0.08611 0.17438 0.03764 0.00812 0.00054 0.01273 
4 15 0.06782 0.00848 0.00973 0.07849 0.13532 0.10958 0.05903 0.21287 0.09231 0.06970 0.03579 0.03328 0.01287 0.01068 0.00691 0.05714 
4 15 0.00750 0.00134 0.00321 0.02572 0.04608 0.06001 0.05331 0.09322 0.04313 0.08653 0.15617 0.20600 0.09697 0.09054 0.02411 0.00616 
4 15 0.10958 0.11057 0.08243 0.30389 0.09486 0.01636 0.00327 0.05332 0.03860 0.04678 0.04318 0.03435 0.00425 0.00720 0.00164 0.04972 
4 15 0.09570 0.00211 0.00211 0.03792 0.07523 0.08697 0.08456 0.16491 0.04514 0.08607 0.13000 0.09389 0.00512 0.00211 0.00331 0.08486 
4 15 0.09847 0.10806 0.02558 0.06905 0.05605 0.07396 0.07651 0.07012 0.00831 0.02515 0.05435 0.24787 0.03559 0.00469 0.00107 0.04518 
4 15 0.02847 0.11388 0.11286 0.26360 0.11591 0.06685 0.02822 0.01906 0.00508 0.00966 0.01678 0.15125 0.04448 0.01423 0.00458 0.00508 
4 15 0.11362 0.03153 0.08861 0.35390 0.05192 0.02691 0.02908 0.17260 0.00598 0.00435 0.00625 0.00843 0.00272 0.00136 0.00082 0.10193 
4 15 0.12952 0.02218 0.00894 0.07299 0.08909 0.08444 0.05081 0.03614 0.00322 0.02004 0.08730 0.26154 0.03041 0.00608 0.00215 0.09517 
4 15 0.10491 0.05635 0.09981 0.36356 0.05205 0.05125 0.05393 0.09579 0.00537 0.00644 0.00483 0.01664 0.00698 0.00402 0.00161 0.07647 
4 15 0.10499 0.06845 0.11253 0.33005 0.06874 0.03277 0.02813 0.13283 0.00319 0.00638 0.00522 0.01189 0.00725 0.00348 0.00116 0.08295 
4 15 0.08255 0.00331 0.00408 0.00611 0.00535 0.00790 0.00662 0.05529 0.05860 0.07720 0.08688 0.32713 0.12561 0.05350 0.01682 0.08306 
4 15 0.04156 0.00786 0.00674 0.12205 0.17596 0.14452 0.08349 0.24298 0.01947 0.01235 0.01011 0.03706 0.02845 0.02246 0.01273 0.03220 
4 15 0.09415 0.05626 0.02138 0.07202 0.10090 0.08027 0.05964 0.07202 0.01200 0.04914 0.15079 0.15416 0.01350 0.00150 0.00150 0.06077 
4 15 0.11059 0.00519 0.00337 0.00987 0.00857 0.01584 0.02181 0.19289 0.00857 0.03089 0.11033 0.33593 0.03868 0.00571 0.00260 0.09917 
4 20 0.07892 0.02202 0.01430 0.00972 0.25164 0.03832 0.03289 0.02717 0.01487 0.00658 0.02974 0.05376 0.10466 0.07464 0.03603 0.05548 0.00114 0.02459 0.04261 0.01916 0.06177 
4 20 0.10753 0.00815 0.00619 0.00978 0.15803 0.07006 0.05051 0.07038 0.04497 0.00717 0.05116 0.08993 0.09808 0.04953 0.03030 0.03649 0.00163 0.00456 0.00815 0.00261 0.09482 
4 20 0.11319 0.01637 0.00886 0.00136 0.01807 0.01057 0.00307 0.03239 0.04944 0.01739 0.11456 0.01705 0.03239 0.03648 0.05694 0.30685 0.04398 0.02489 0.00477 0.00068 0.09069 
4 20 0.05321 0.00724 0.01039 0.00094 0.01385 0.00315 0.00220 0.00283 0.00157 0.00031 0.00787 0.01354 0.05416 0.05730 0.04912 0.27330 0.15491 0.15680 0.06801 0.02298 0.04628 
4 20 0.07692 0.04337 0.02373 0.00245 0.10447 0.05237 0.03601 0.07938 0.09111 0.02073 0.09111 0.09574 0.09493 0.04337 0.03082 0.03737 0.00218 0.00655 0.01255 0.00273 0.05210 
4 20 0.12458 0.00145 0.00194 0.00048 0.04072 0.05986 0.08143 0.13621 0.05599 0.00048 0.00315 0.05065 0.13572 0.08677 0.06083 0.04363 0.00048 0.00194 0.00145 0.00073 0.11149 
4 20 0.20626 0.00204 0.03063 0.07318 0.19537 0.00238 0.00068 0.00306 0.00000 0.00068 0.00545 0.00000 0.00306 0.00068 0.00238 0.19537 0.07318 0.03063 0.00204 0.00170 0.17120 
4 20 0.01618 0.00809 0.04344 0.05842 0.25614 0.00929 0.00389 0.00689 0.00869 0.00180 0.21210 0.02876 0.01648 0.00659 0.00959 0.11354 0.05902 0.06860 0.04853 0.01049 0.01348 
4 20 0.10199 0.03417 0.05086 0.05430 0.33377 0.02146 0.01510 0.02146 0.00901 0.00450 0.15338 0.03603 0.01616 0.00212 0.00795 0.01987 0.00371 0.01139 0.01510 0.00715 0.08053 
4 20 0.10450 0.01972 0.00986 0.00131 0.04896 0.03746 0.05028 0.08413 0.06704 0.02136 0.02432 0.00822 0.03648 0.05652 0.06638 0.23365 0.00526 0.01216 0.01347 0.00624 0.09267 
4 20 0.03574 0.05145 0.08069 0.05795 0.12483 0.03331 0.04062 0.07447 0.05714 0.02058 0.06742 0.00785 0.02627 0.03818 0.05009 0.17438 0.02491 0.01787 0.00325 0.00027 0.01273 
4 20 0.06593 0.00722 0.00942 0.00345 0.07849 0.06374 0.07630 0.10487 0.05903 0.01633 0.19655 0.09231 0.06939 0.01633 0.01978 0.03328 0.00785 0.01068 0.00722 0.00471 0.05714 
4 20 0.00723 0.00134 0.00241 0.00107 0.02572 0.02089 0.02920 0.05599 0.05331 0.01554 0.07769 0.04313 0.08251 0.08063 0.07956 0.20600 0.07474 0.08090 0.04768 0.00830 0.00616 
4 20 0.08472 0.09192 0.07197 0.05397 0.30357 0.06346 0.03206 0.01603 0.00327 0.00229 0.05103 0.03860 0.04318 0.02453 0.02224 0.03435 0.00098 0.00393 0.00720 0.00098 0.04972 
4 20 0.09419 0.00271 0.00211 0.00090 0.03762 0.03491 0.04273 0.08486 0.08426 0.03401 0.13151 0.04484 0.08246 0.07042 0.06320 0.09389 0.00361 0.00150 0.00391 0.00150 0.08486 
4 20 0.07182 0.09250 0.05797 0.00980 0.06905 0.03048 0.03090 0.06863 0.07609 0.03069 0.03986 0.00831 0.02387 0.02408 0.03154 0.24787 0.02280 0.01428 0.00341 0.00085 0.04518 
4 20 0.01322 0.05211 0.09914 0.09075 0.26309 0.06609 0.05541 0.06177 0.02796 0.00712 0.01220 0.00508 0.00890 0.00559 0.01195 0.15125 0.03177 0.02364 0.00483 0.00305 0.00508 
4 20 0.11172 0.00680 0.04539 0.06986 0.35336 0.03697 0.01740 0.02501 0.02908 0.01903 0.15357 0.00598 0.00435 0.00136 0.00489 0.00843 0.00082 0.00190 0.00190 0.00027 0.10193 
4 20 0.12558 0.02039 0.01216 0.00250 0.07299 0.05116 0.04615 0.07621 0.05045 0.01467 0.02182 0.00322 0.01968 0.03792 0.04973 0.26154 0.01825 0.01646 0.00358 0.00036 0.09517 
4 20 0.09498 0.03783 0.05903 0.06922 0.36356 0.03032 0.02495 0.04803 0.05393 0.02764 0.06842 0.00510 0.00644 0.00134 0.00376 0.01637 0.00107 0.00644 0.00456 0.00054 0.07647 
4 20 0.09542 0.03828 0.06903 0.08324 0.33005 0.04176 0.02958 0.03016 0.02813 0.01305 0.12036 0.00261 0.00609 0.00145 0.00406 0.01189 0.00087 0.00725 0.00319 0.00058 0.08295 
4 20 0.08127 0.00382 0.00306 0.00178 0.00611 0.00382 0.00153 0.00790 0.00586 0.00127 0.05554 0.05783 0.07159 0.04688 0.04662 0.32611 0.08968 0.07210 0.02395 0.01019 0.08306 
4 20 0.04006 0.00636 0.00786 0.00187 0.12205 0.08798 0.09772 0.13478 0.08311 0.02770 0.21602 0.01909 0.01235 0.00187 0.00861 0.03669 0.01797 0.02097 0.01872 0.00599 0.03220 
4 20 0.08402 0.04539 0.03188 0.01050 0.07202 0.04689 0.05814 0.07614 0.05926 0.01313 0.05926 0.01200 0.04576 0.06639 0.08777 0.15416 0.00525 0.00863 0.00188 0.00075 0.06077 
4 20 0.10903 0.00571 0.00312 0.00130 0.00987 0.00623 0.00337 0.01480 0.02155 0.01142 0.18172 0.00857 0.02908 0.04699 0.06516 0.33593 0.02908 0.01298 0.00312 0.00182 0.09917 
4 25 0.07892 0.01687 0.00515 0.01430 0.00972 0.02602 0.22619 0.04575 0.03231 0.01973 0.01029 0.01115 0.02402 0.02002 0.03946 0.09151 0.06606 0.05691 0.04604 0.01029 0.00114 0.02459 0.01144 0.03117 0.01916 0.06177 
4 25 0.10753 0.00619 0.00228 0.00587 0.00978 0.01369 0.14435 0.07950 0.06908 0.04236 0.02770 0.02444 0.03649 0.03943 0.06517 0.08179 0.05474 0.04106 0.03389 0.00293 0.00163 0.00424 0.00293 0.00554 0.00261 0.09482 
4 25 0.11319 0.01193 0.00477 0.00852 0.00136 0.00375 0.01466 0.01057 0.01330 0.02182 0.03614 0.03069 0.10433 0.01296 0.01432 0.02080 0.04023 0.06376 0.24957 0.05830 0.04398 0.02284 0.00307 0.00375 0.00068 0.09069 
4 25 0.05321 0.00567 0.00189 0.01008 0.00094 0.00567 0.00819 0.00346 0.00409 0.00063 0.00063 0.00126 0.00472 0.00819 0.00850 0.04314 0.05668 0.06045 0.17821 0.09540 0.15176 0.11115 0.07242 0.04440 0.02298 0.04628 
4 25 0.07692 0.03055 0.01364 0.02291 0.00245 0.01118 0.09356 0.05974 0.04774 0.06001 0.06519 0.04664 0.07256 0.04501 0.06929 0.07720 0.05101 0.04010 0.03355 0.00464 0.00218 0.00600 0.00273 0.01037 0.00273 0.05210 
4 25 0.12458 0.00121 0.00024 0.00194 0.00048 0.00145 0.03951 0.10010 0.06083 0.11634 0.03732 0.01915 0.00315 0.01648 0.03417 0.11779 0.06156 0.10349 0.04241 0.00170 0.00048 0.00194 0.00024 0.00121 0.00073 0.11149 
4 25 0.20592 0.00170 0.00136 0.03063 0.07250 0.10722 0.08884 0.00204 0.00306 0.00034 0.00000 0.00068 0.00477 0.00068 0.00000 0.00034 0.00306 0.00204 0.08884 0.10722 0.07250 0.03063 0.00136 0.00170 0.00136 0.17120 
4 25 0.01588 0.00659 0.01228 0.03505 0.05632 0.06651 0.18963 0.01049 0.00779 0.00180 0.00689 0.00359 0.19652 0.02427 0.02007 0.01078 0.01019 0.01168 0.06291 0.05063 0.05782 0.05243 0.03505 0.03086 0.01049 0.01348 
4 25 0.10199 0.02358 0.01828 0.04503 0.05245 0.08556 0.24848 0.02464 0.02384 0.00927 0.00715 0.00636 0.13219 0.03046 0.02675 0.01007 0.00742 0.00821 0.01245 0.00795 0.00344 0.01060 0.00530 0.01086 0.00715 0.08053 
4 25 0.10450 0.01446 0.00526 0.00986 0.00131 0.00460 0.04469 0.04831 0.05619 0.06704 0.04798 0.04042 0.02235 0.00427 0.00592 0.03056 0.05061 0.07788 0.22445 0.00953 0.00460 0.01216 0.00427 0.00986 0.00624 0.09267 
4 25 0.03547 0.03358 0.04224 0.06228 0.05226 0.04089 0.08421 0.04116 0.04928 0.05768 0.03926 0.03845 0.06607 0.00298 0.00623 0.01895 0.03737 0.05795 0.14162 0.03304 0.02491 0.01516 0.00298 0.00298 0.00027 0.01273 
4 25 0.06593 0.00534 0.00314 0.00942 0.00220 0.00534 0.07410 0.08226 0.07630 0.08540 0.04207 0.03328 0.16986 0.05243 0.06656 0.05118 0.03046 0.02386 0.02606 0.00722 0.00691 0.00879 0.00471 0.00534 0.00471 0.05714 
4 25 0.00696 0.00134 0.00054 0.00214 0.00107 0.00188 0.02411 0.02679 0.03911 0.03991 0.03750 0.03107 0.06188 0.02840 0.03081 0.06295 0.08251 0.09724 0.15242 0.05358 0.06992 0.06322 0.03991 0.03027 0.00830 0.00616 
4 25 0.08472 0.06673 0.03206 0.06608 0.05299 0.07197 0.23225 0.07131 0.02911 0.01047 0.00229 0.00327 0.03598 0.02584 0.02781 0.03140 0.03206 0.02617 0.03173 0.00294 0.00098 0.00327 0.00131 0.00687 0.00065 0.04972 
4 25 0.09419 0.00211 0.00090 0.00181 0.00090 0.00181 0.03641 0.04484 0.05236 0.06470 0.06109 0.05718 0.11044 0.03280 0.03310 0.06500 0.07252 0.07824 0.08637 0.00782 0.00361 0.00150 0.00120 0.00271 0.00150 0.08486 
4 25 0.07182 0.06309 0.03410 0.05499 0.00810 0.01790 0.05136 0.03559 0.04497 0.04923 0.05499 0.05179 0.03772 0.00405 0.00639 0.01535 0.02728 0.03666 0.21164 0.03645 0.02280 0.01343 0.00107 0.00320 0.00085 0.04518 
4 25 0.01322 0.03584 0.04448 0.07245 0.08922 0.06507 0.19878 0.07626 0.05846 0.04779 0.01779 0.01729 0.01118 0.00229 0.00381 0.00407 0.00966 0.01246 0.10574 0.04575 0.03025 0.01881 0.00763 0.00381 0.00280 0.00508 
4 25 0.11172 0.00516 0.01441 0.03316 0.06931 0.07910 0.27480 0.04050 0.02419 0.01413 0.02066 0.02745 0.15249 0.00190 0.00516 0.00027 0.00489 0.00516 0.00680 0.00190 0.00082 0.00190 0.00054 0.00136 0.00027 0.10193 
4 25 0.12558 0.01360 0.00680 0.01252 0.00215 0.00644 0.06691 0.05939 0.05939 0.05438 0.03292 0.03220 0.02111 0.00143 0.00250 0.01753 0.03184 0.05760 0.23005 0.03184 0.01717 0.01538 0.00286 0.00286 0.00036 0.09517 
4 25 0.09498 0.02603 0.02173 0.05178 0.06654 0.09310 0.27046 0.03515 0.03327 0.03488 0.04025 0.04132 0.06761 0.00134 0.00456 0.00107 0.00644 0.00376 0.01020 0.00644 0.00107 0.00590 0.00107 0.00402 0.00054 0.07647 
4 25 0.09542 0.02581 0.02726 0.05713 0.08034 0.08991 0.24014 0.04814 0.03074 0.02262 0.02204 0.01914 0.11949 0.00203 0.00145 0.00087 0.00638 0.00406 0.00696 0.00522 0.00087 0.00667 0.00174 0.00203 0.00058 0.08295 
4 25 0.08102 0.00331 0.00102 0.00280 0.00178 0.00255 0.00382 0.00382 0.00764 0.00153 0.00484 0.00204 0.03032 0.04153 0.04178 0.05248 0.05656 0.05478 0.20178 0.12561 0.08433 0.06038 0.02701 0.01401 0.01019 0.08306 
4 25 0.04006 0.00487 0.00225 0.00711 0.00187 0.00374 0.11831 0.10857 0.10558 0.10633 0.05766 0.05316 0.21153 0.00824 0.01535 0.00487 0.00861 0.00824 0.02246 0.01535 0.01572 0.01872 0.01048 0.01273 0.00599 0.03220 
4 25 0.08402 0.02926 0.01838 0.02963 0.01050 0.01388 0.05851 0.05851 0.06302 0.05926 0.04089 0.03151 0.05589 0.00863 0.00675 0.03676 0.06152 0.10165 0.14029 0.01388 0.00488 0.00863 0.00075 0.00150 0.00075 0.06077 
4 25 0.10877 0.00441 0.00156 0.00312 0.00130 0.00182 0.00857 0.00623 0.00935 0.00831 0.01687 0.01610 0.17861 0.00519 0.00649 0.02103 0.04595 0.07399 0.29180 0.04439 0.02882 0.01142 0.00234 0.00260 0.00182 0.09917 
4 30 0.07892 0.00400 0.01802 0.00486 0.00944 0.00972 0.02602 0.22591 0.03803 0.03117 0.01544 0.01344 0.01029 0.00486 0.00629 0.02945 0.01458 0.03946 0.08836 0.01687 0.07406 0.03574 0.04547 0.01029 0.00114 0.01029 0.01430 0.03088 0.01172 0.01916 0.06177 
4 30 0.10753 0.00326 0.00489 0.00196 0.00424 0.00978 0.01369 0.14435 0.07006 0.03910 0.04725 0.03454 0.02770 0.01727 0.00717 0.05116 0.02476 0.06517 0.07983 0.01955 0.04822 0.03030 0.03356 0.00293 0.00163 0.00261 0.00196 0.00652 0.00163 0.00261 0.09482 
4 30 0.11319 0.00477 0.01159 0.00477 0.00443 0.00102 0.00375 0.01432 0.01057 0.00307 0.01057 0.02182 0.03614 0.01398 0.01671 0.11388 0.00341 0.01432 0.00955 0.02353 0.03580 0.05626 0.24957 0.05796 0.04398 0.02080 0.00409 0.00409 0.00068 0.00068 0.09069 
4 30 0.05290 0.00126 0.00630 0.00157 0.00882 0.00094 0.00535 0.00850 0.00315 0.00220 0.00220 0.00063 0.00063 0.00094 0.00031 0.00724 0.00567 0.00850 0.03401 0.02298 0.05447 0.04912 0.17821 0.09509 0.15176 0.04156 0.11839 0.04975 0.01826 0.02298 0.04628 
4 30 0.07665 0.01173 0.03191 0.01446 0.00927 0.00245 0.01009 0.09438 0.05237 0.03219 0.02864 0.05456 0.06519 0.02673 0.01991 0.09056 0.02700 0.06929 0.07556 0.02046 0.04228 0.03082 0.03273 0.00464 0.00218 0.00382 0.00273 0.01091 0.00164 0.00273 0.05210 
4 30 0.12458 0.00048 0.00097 0.00000 0.00194 0.00048 0.00145 0.03951 0.05962 0.08143 0.01987 0.11634 0.03732 0.01866 0.00048 0.00315 0.01648 0.03417 0.11779 0.01794 0.08677 0.06059 0.04217 0.00170 0.00048 0.00194 0.00000 0.00097 0.00048 0.00073 0.11149 
4 30 0.20592 0.00068 0.00170 0.00068 0.03063 0.07250 0.10722 0.08816 0.00238 0.00034 0.00306 0.00034 0.00000 0.00034 0.00034 0.00511 0.00034 0.00000 0.00034 0.00306 0.00034 0.00238 0.08816 0.10722 0.07250 0.03063 0.00068 0.00170 0.00068 0.00136 0.17120 
4 30 0.01588 0.00330 0.00509 0.02067 0.02487 0.05632 0.06591 0.19023 0.00929 0.00359 0.00659 0.00060 0.00689 0.00210 0.00150 0.21150 0.00929 0.02007 0.01078 0.00569 0.00659 0.00959 0.06291 0.05063 0.05782 0.01857 0.05123 0.03505 0.01378 0.01019 0.01348 
4 30 0.10199 0.00848 0.02570 0.02464 0.02808 0.05245 0.08556 0.24821 0.02146 0.01272 0.01616 0.00768 0.00715 0.00212 0.00424 0.15232 0.01033 0.02675 0.01007 0.00609 0.00212 0.00795 0.01192 0.00795 0.00344 0.00689 0.00477 0.01139 0.00397 0.00689 0.08053 
4 30 0.10384 0.00624 0.01413 0.00493 0.00493 0.00131 0.00460 0.04469 0.03713 0.04634 0.02432 0.06375 0.04765 0.01939 0.02136 0.02432 0.00230 0.00592 0.01479 0.02267 0.05554 0.06605 0.22478 0.00920 0.00460 0.00986 0.00296 0.00986 0.00394 0.00592 0.09267 
4 30 0.03547 0.01598 0.03574 0.06093 0.02545 0.05226 0.04089 0.08394 0.03331 0.03466 0.02383 0.05659 0.03926 0.01787 0.02058 0.06715 0.00217 0.00596 0.00975 0.01868 0.03601 0.05009 0.14135 0.03304 0.02437 0.01327 0.00514 0.00298 0.00054 0.00000 0.01273 
4 30 0.06562 0.00220 0.00534 0.00314 0.00754 0.00220 0.00534 0.07316 0.06374 0.07159 0.03203 0.07755 0.04207 0.01695 0.01633 0.19655 0.02575 0.06656 0.05086 0.01884 0.01601 0.01978 0.02637 0.00691 0.00691 0.00597 0.00565 0.00502 0.00251 0.00440 0.05714 
4 30 0.00696 0.00054 0.00107 0.00027 0.00214 0.00107 0.00188 0.02384 0.02089 0.02518 0.02036 0.03965 0.03750 0.01580 0.01554 0.07769 0.01232 0.03081 0.04929 0.03724 0.07661 0.07956 0.15242 0.05358 0.06992 0.02706 0.05867 0.03188 0.01580 0.00830 0.00616 
4 30 0.08407 0.02552 0.06706 0.04351 0.03075 0.05168 0.07197 0.23193 0.06313 0.03173 0.01505 0.00131 0.00229 0.00098 0.00229 0.05103 0.01079 0.02781 0.02944 0.01734 0.02094 0.02224 0.03140 0.00294 0.00098 0.00327 0.00065 0.00654 0.00131 0.00033 0.04972 
4 30 0.09389 0.00181 0.00120 0.00090 0.00120 0.00090 0.00181 0.03611 0.03461 0.04063 0.02468 0.06229 0.06109 0.02347 0.03370 0.13121 0.01204 0.03310 0.05477 0.03130 0.06681 0.06320 0.08607 0.00782 0.00331 0.00181 0.00000 0.00211 0.00181 0.00150 0.08486 
4 30 0.07161 0.02685 0.06586 0.04220 0.01748 0.00810 0.01790 0.05115 0.03048 0.02558 0.02664 0.04731 0.05499 0.02153 0.03026 0.03986 0.00192 0.00639 0.00916 0.01598 0.02280 0.03154 0.21164 0.03623 0.02259 0.01300 0.00149 0.00320 0.00085 0.00021 0.04518 
4 30 0.01322 0.01525 0.03686 0.07702 0.02415 0.08871 0.06507 0.19853 0.06558 0.05033 0.02974 0.03711 0.01779 0.01042 0.00686 0.01220 0.00127 0.00381 0.00229 0.00737 0.00483 0.01195 0.10574 0.04550 0.03025 0.01423 0.01093 0.00330 0.00203 0.00254 0.00508 
4 30 0.11172 0.00190 0.00489 0.02664 0.01957 0.06904 0.07910 0.27480 0.03642 0.01549 0.01767 0.00924 0.02066 0.00843 0.01903 0.15357 0.00082 0.00516 0.00027 0.00408 0.00136 0.00489 0.00652 0.00190 0.00082 0.00190 0.00000 0.00136 0.00082 0.00000 0.10193 
4 30 0.12522 0.00429 0.01646 0.00572 0.00680 0.00215 0.00644 0.06655 0.05116 0.03792 0.03506 0.04937 0.03292 0.01789 0.01431 0.02182 0.00072 0.00250 0.00608 0.01395 0.03757 0.04973 0.22970 0.03184 0.01717 0.01324 0.00429 0.00179 0.00179 0.00036 0.09517 
4 30 0.09498 0.00993 0.02790 0.02844 0.03327 0.06654 0.09310 0.27046 0.03032 0.02173 0.01959 0.03166 0.04025 0.01368 0.02764 0.06815 0.00080 0.00456 0.00107 0.00537 0.00134 0.00349 0.01046 0.00617 0.00107 0.00590 0.00054 0.00349 0.00107 0.00054 0.07647 
4 30 0.09542 0.00957 0.02871 0.03973 0.03219 0.08034 0.08991 0.24014 0.04176 0.02697 0.01711 0.01566 0.02204 0.00609 0.01305 0.11978 0.00174 0.00145 0.00029 0.00609 0.00116 0.00406 0.00667 0.00522 0.00087 0.00638 0.00087 0.00261 0.00058 0.00058 0.08295 
4 30 0.08102 0.00153 0.00255 0.00076 0.00255 0.00153 0.00229 0.00382 0.00382 0.00153 0.00637 0.00153 0.00484 0.00178 0.00051 0.05478 0.01682 0.04178 0.05019 0.02701 0.04127 0.04561 0.20255 0.12459 0.08306 0.04255 0.03618 0.01732 0.00662 0.01019 0.08306 
4 30 0.04006 0.00150 0.00487 0.00300 0.00524 0.00150 0.00374 0.11831 0.08798 0.08798 0.05054 0.09397 0.05766 0.02583 0.02733 0.21565 0.00412 0.01535 0.00487 0.00749 0.00187 0.00824 0.02171 0.01535 0.01498 0.01348 0.01048 0.01198 0.00711 0.00562 0.03220 
4 30 0.08365 0.01050 0.03526 0.02101 0.01088 0.01050 0.01388 0.05814 0.04689 0.05401 0.02963 0.05064 0.04089 0.01875 0.01275 0.05926 0.00525 0.00675 0.01650 0.03263 0.06302 0.08777 0.14029 0.01388 0.00488 0.00863 0.00038 0.00113 0.00113 0.00038 0.06077 
4 30 0.10877 0.00182 0.00415 0.00104 0.00208 0.00130 0.00182 0.00805 0.00623 0.00234 0.00753 0.00831 0.01661 0.00519 0.01116 0.18172 0.00208 0.00649 0.01194 0.01895 0.04517 0.06516 0.29206 0.04387 0.02882 0.00987 0.00337 0.00234 0.00078 0.00182 0.09917 
4 35 0.07892 0.00343 0.01344 0.00515 0.00829 0.00944 0.00629 0.02602 0.22562 0.01458 0.03146 0.02373 0.01601 0.01258 0.01001 0.00486 0.00658 0.02402 0.00572 0.01458 0.03918 0.07807 0.02688 0.05290 0.05204 0.00543 0.04518 0.01029 0.00057 0.01001 0.01516 0.01144 0.01945 0.01172 0.01916 0.06177 
4 35 0.10720 0.00228 0.00424 0.00228 0.00358 0.00587 0.00619 0.01369 0.14435 0.03291 0.04659 0.03030 0.05507 0.02607 0.02770 0.01727 0.00717 0.03649 0.01466 0.02476 0.06517 0.06549 0.03389 0.03715 0.03780 0.00358 0.03389 0.00261 0.00130 0.00261 0.00196 0.00293 0.00489 0.00065 0.00261 0.09482 
4 35 0.11251 0.00477 0.00784 0.00477 0.00443 0.00443 0.00102 0.00375 0.01432 0.00034 0.01057 0.00273 0.01637 0.01602 0.03614 0.01364 0.01705 0.10433 0.01023 0.00273 0.01432 0.00955 0.02353 0.02796 0.04364 0.02114 0.24889 0.05796 0.02898 0.02114 0.01671 0.00273 0.00409 0.00068 0.00000 0.09069 
4 35 0.05258 0.00126 0.00504 0.00189 0.00220 0.00787 0.00094 0.00535 0.00850 0.00063 0.00283 0.00189 0.00220 0.00063 0.00031 0.00126 0.00031 0.00472 0.00315 0.00504 0.00850 0.03117 0.02582 0.04282 0.04282 0.01795 0.17821 0.09509 0.13130 0.03904 0.09257 0.07242 0.02676 0.01795 0.02267 0.04628 
4 35 0.07638 0.01146 0.01964 0.01364 0.01446 0.00900 0.00191 0.01009 0.09438 0.01582 0.04419 0.02510 0.04146 0.04119 0.06519 0.02646 0.02019 0.07256 0.01855 0.02646 0.06929 0.06137 0.03437 0.03246 0.03710 0.00382 0.03273 0.00464 0.00218 0.00382 0.00218 0.00245 0.00982 0.00109 0.00245 0.05210 
4 35 0.12458 0.00024 0.00097 0.00024 0.00097 0.00097 0.00048 0.00145 0.03926 0.00073 0.09937 0.04120 0.03829 0.09792 0.03732 0.01866 0.00048 0.00315 0.00000 0.01648 0.03417 0.10131 0.03442 0.04387 0.10276 0.00097 0.04193 0.00170 0.00048 0.00097 0.00097 0.00000 0.00121 0.00048 0.00048 0.11149 
4 35 0.20524 0.00136 0.00136 0.00102 0.02859 0.02927 0.04527 0.10688 0.08850 0.00170 0.00102 0.00000 0.00306 0.00034 0.00000 0.00000 0.00068 0.00477 0.00068 0.00000 0.00000 0.00034 0.00306 0.00000 0.00102 0.00170 0.08850 0.10688 0.04527 0.02927 0.02859 0.00102 0.00136 0.00136 0.00068 0.17120 
4 35 0.01558 0.00330 0.00359 0.01228 0.02846 0.02187 0.04104 0.06591 0.19023 0.00270 0.00779 0.00270 0.00629 0.00060 0.00659 0.00240 0.00150 0.19652 0.01558 0.00899 0.01977 0.01078 0.00569 0.00449 0.01049 0.00120 0.06321 0.05033 0.04883 0.01797 0.04344 0.03505 0.01768 0.01348 0.01019 0.01348 
4 35 0.10146 0.00848 0.01563 0.01828 0.03497 0.02649 0.03603 0.08556 0.24821 0.00768 0.01722 0.00980 0.01642 0.00689 0.00715 0.00185 0.00450 0.13219 0.02119 0.00954 0.02649 0.01007 0.00609 0.00132 0.00795 0.00079 0.01219 0.00768 0.00344 0.00662 0.00397 0.00477 0.00795 0.00371 0.00689 0.08053 
4 35 0.10319 0.00592 0.01019 0.00493 0.00493 0.00493 0.00131 0.00460 0.04436 0.01019 0.03812 0.03549 0.03286 0.05521 0.04765 0.01939 0.02136 0.02235 0.00197 0.00230 0.00592 0.01446 0.02300 0.04371 0.05389 0.02432 0.22478 0.00887 0.00329 0.00920 0.00427 0.00427 0.00690 0.00329 0.00592 0.09267 
4 35 0.03493 0.01571 0.01868 0.04197 0.04630 0.01977 0.04847 0.04089 0.08394 0.01056 0.03087 0.02681 0.03249 0.04766 0.03926 0.01787 0.02058 0.06580 0.00162 0.00190 0.00596 0.00894 0.01895 0.02870 0.03818 0.01977 0.14135 0.03304 0.01733 0.01354 0.00921 0.00298 0.00298 0.00027 0.00000 0.01273 
4 35 0.06531 0.00251 0.00345 0.00314 0.00377 0.00565 0.00220 0.00502 0.07347 0.02041 0.06279 0.05243 0.04144 0.06782 0.04207 0.01695 0.01633 0.16986 0.02669 0.02575 0.06656 0.04113 0.02826 0.01224 0.02355 0.00031 0.02637 0.00691 0.00659 0.00502 0.00408 0.00471 0.00408 0.00220 0.00377 0.05714 
4 35 0.00696 0.00027 0.00107 0.00054 0.00054 0.00188 0.00080 0.00188 0.02384 0.00643 0.02036 0.01929 0.02759 0.03241 0.03697 0.01634 0.01554 0.06161 0.01607 0.01232 0.03081 0.04634 0.03965 0.05947 0.06911 0.02813 0.15242 0.05358 0.06108 0.02357 0.04849 0.03991 0.01500 0.01580 0.00777 0.00616 
4 35 0.08342 0.02584 0.04220 0.03206 0.05136 0.02781 0.03991 0.07197 0.23160 0.02519 0.04678 0.02323 0.01505 0.00131 0.00229 0.00098 0.00229 0.03598 0.01505 0.01079 0.02781 0.02617 0.02028 0.01701 0.01963 0.00687 0.03140 0.00294 0.00098 0.00327 0.00000 0.00131 0.00654 0.00065 0.00033 0.04972 
4 35 0.09359 0.00120 0.00181 0.00060 0.00060 0.00120 0.00090 0.00150 0.03611 0.00692 0.03852 0.03009 0.03160 0.05537 0.06109 0.02317 0.03401 0.11044 0.02107 0.01174 0.03310 0.05116 0.03491 0.05146 0.05778 0.02076 0.08607 0.00782 0.00331 0.00150 0.00030 0.00060 0.00241 0.00181 0.00060 0.08486 
4 35 0.07140 0.02685 0.03687 0.03367 0.03922 0.01641 0.00767 0.01790 0.05115 0.00959 0.02600 0.02046 0.03474 0.03922 0.05499 0.02110 0.03069 0.03772 0.00213 0.00192 0.00639 0.00831 0.01620 0.01812 0.02579 0.01108 0.21185 0.03602 0.01364 0.01321 0.00959 0.00085 0.00320 0.00085 0.00000 0.04518 
4 35 0.01322 0.01500 0.02084 0.04448 0.06202 0.02364 0.07600 0.06507 0.19802 0.02796 0.04906 0.03940 0.03584 0.03101 0.01754 0.01042 0.00712 0.01118 0.00102 0.00127 0.00381 0.00178 0.00763 0.00432 0.00661 0.00610 0.10600 0.04525 0.02135 0.01296 0.01500 0.00712 0.00305 0.00178 0.00203 0.00508 
4 35 0.11117 0.00245 0.00326 0.01441 0.03017 0.01957 0.05273 0.07910 0.27426 0.01468 0.02637 0.01142 0.01767 0.00924 0.02039 0.00870 0.01903 0.15249 0.00109 0.00082 0.00516 0.00027 0.00408 0.00082 0.00516 0.00027 0.00680 0.00163 0.00082 0.00190 0.00000 0.00054 0.00136 0.00027 0.00000 0.10193 
4 35 0.12415 0.00465 0.01109 0.00608 0.00716 0.00537 0.00215 0.00644 0.06655 0.02111 0.03864 0.02934 0.04293 0.04150 0.03292 0.01753 0.01467 0.02111 0.00072 0.00072 0.00250 0.00608 0.01360 0.02970 0.03792 0.02004 0.22970 0.03184 0.01145 0.01216 0.00894 0.00286 0.00179 0.00143 0.00000 0.09517 
4 35 0.09445 0.01020 0.01637 0.02173 0.04186 0.03086 0.04561 0.09310 0.27046 0.01046 0.02468 0.01690 0.02334 0.02790 0.04025 0.01368 0.02764 0.06761 0.00054 0.00080 0.00456 0.00080 0.00563 0.00134 0.00322 0.00054 0.01046 0.00590 0.00107 0.00563 0.00027 0.00107 0.00349 0.00080 0.00027 0.07647 
4 35 0.09542 0.00870 0.01711 0.02726 0.04582 0.03161 0.06003 0.08962 0.24043 0.01624 0.03190 0.02117 0.01798 0.01421 0.02204 0.00609 0.01305 0.11949 0.00087 0.00116 0.00145 0.00029 0.00580 0.00116 0.00406 0.00029 0.00667 0.00522 0.00087 0.00638 0.00029 0.00116 0.00261 0.00058 0.00000 0.08295 
4 35 0.08025 0.00127 0.00280 0.00102 0.00076 0.00229 0.00153 0.00204 0.00408 0.00076 0.00331 0.00127 0.00688 0.00102 0.00484 0.00102 0.00127 0.02981 0.02573 0.01631 0.04153 0.04611 0.03108 0.03185 0.04102 0.01503 0.20178 0.12433 0.05987 0.03643 0.04866 0.02522 0.00917 0.00637 0.01019 0.08306 
4 35 0.03931 0.00187 0.00374 0.00225 0.00300 0.00487 0.00112 0.00374 0.11831 0.03107 0.07750 0.06776 0.06552 0.07862 0.05766 0.02583 0.02733 0.21153 0.00449 0.00374 0.01535 0.00337 0.00899 0.00112 0.00824 0.00112 0.02171 0.01498 0.01423 0.01123 0.00936 0.00861 0.00973 0.00599 0.00449 0.03220 
4 35 0.08327 0.01050 0.01950 0.01838 0.02138 0.00975 0.00900 0.01350 0.05851 0.01613 0.04276 0.04201 0.03826 0.04201 0.04089 0.01875 0.01275 0.05589 0.00338 0.00525 0.00675 0.01388 0.03526 0.04914 0.06452 0.03713 0.14066 0.01350 0.00338 0.00825 0.00188 0.00075 0.00150 0.00075 0.00000 0.06077 
4 35 0.10852 0.00156 0.00312 0.00156 0.00104 0.00208 0.00130 0.00182 0.00805 0.00182 0.00493 0.00182 0.00831 0.00753 0.01636 0.00519 0.01142 0.17861 0.00312 0.00208 0.00649 0.01038 0.02025 0.03634 0.04958 0.02466 0.29206 0.04387 0.02051 0.01090 0.00883 0.00234 0.00208 0.00078 0.00156 0.09917 
4 40 0.06977 0.00915 0.00400 0.01802 0.00458 0.00972 0.00772 0.00200 0.02602 0.22562 0.00057 0.03775 0.01630 0.01659 0.01887 0.00829 0.01001 0.00486 0.00658 0.00000 0.02402 0.00572 0.01487 0.03889 0.04661 0.05805 0.01887 0.05576 0.03517 0.00086 0.04518 0.01029 0.00000 0.00114 0.01315 0.01144 0.03088 0.01172 0.01916 0.00000 0.06177 
4 40 0.10459 0.00293 0.00326 0.00489 0.00196 0.00424 0.00815 0.00163 0.01369 0.14435 0.00000 0.07006 0.02281 0.02770 0.04855 0.02183 0.02770 0.01727 0.00717 0.00000 0.03649 0.01466 0.02476 0.06517 0.04594 0.05213 0.01564 0.03389 0.03030 0.00000 0.03389 0.00261 0.00000 0.00163 0.00261 0.00196 0.00652 0.00163 0.00261 0.00000 0.09482 
4 40 0.10433 0.00886 0.00477 0.01159 0.00443 0.00443 0.00136 0.00000 0.00341 0.01466 0.00034 0.01023 0.00136 0.00170 0.01739 0.01500 0.03614 0.01330 0.01739 0.00000 0.10433 0.01023 0.00273 0.01432 0.00716 0.02523 0.02182 0.01466 0.05592 0.00102 0.24889 0.05796 0.02012 0.02387 0.02284 0.00205 0.00409 0.00068 0.00068 0.00000 0.09069 
4 40 0.04912 0.00409 0.00126 0.00598 0.00157 0.00882 0.00031 0.00063 0.00535 0.00850 0.00000 0.00315 0.00094 0.00126 0.00220 0.00063 0.00031 0.00126 0.00031 0.00000 0.00472 0.00315 0.00504 0.00850 0.01858 0.03558 0.02519 0.03212 0.04912 0.00000 0.17821 0.09509 0.10076 0.05416 0.08911 0.06770 0.04943 0.01858 0.02236 0.00063 0.04628 
4 40 0.05401 0.02291 0.01146 0.03191 0.01309 0.01064 0.00164 0.00082 0.01009 0.09438 0.00027 0.05210 0.01882 0.01718 0.04555 0.03382 0.06519 0.02591 0.02073 0.00000 0.07256 0.01855 0.02646 0.06929 0.04446 0.05046 0.01337 0.03001 0.03028 0.00055 0.03273 0.00464 0.00164 0.00055 0.00436 0.00218 0.01064 0.00191 0.00273 0.00000 0.05210 
4 40 0.12409 0.00048 0.00048 0.00097 0.00000 0.00194 0.00024 0.00024 0.00145 0.03926 0.00024 0.05962 0.08022 0.00121 0.07780 0.05841 0.03732 0.01866 0.00048 0.00000 0.00315 0.00000 0.01648 0.03417 0.05914 0.07659 0.00121 0.08556 0.06035 0.00048 0.04193 0.00170 0.00048 0.00000 0.00194 0.00000 0.00097 0.00048 0.00073 0.00000 0.11149 
4 40 0.20456 0.00170 0.00034 0.00170 0.00068 0.02995 0.02791 0.04527 0.10688 0.08850 0.00000 0.00238 0.00034 0.00034 0.00272 0.00034 0.00000 0.00000 0.00068 0.00000 0.00477 0.00068 0.00000 0.00000 0.00034 0.00272 0.00034 0.00034 0.00238 0.00000 0.08850 0.10688 0.04527 0.02791 0.02995 0.00068 0.00170 0.00034 0.00170 0.00000 0.17120 
4 40 0.01138 0.00479 0.00300 0.00509 0.01168 0.03176 0.02996 0.02846 0.06561 0.19053 0.00000 0.00929 0.00120 0.00270 0.00629 0.00060 0.00659 0.00210 0.00180 0.00000 0.19652 0.01558 0.00899 0.01977 0.00899 0.00749 0.00270 0.00389 0.00959 0.00000 0.06321 0.05033 0.03475 0.02427 0.03835 0.03026 0.03505 0.01348 0.01049 0.00000 0.01348 
4 40 0.08583 0.01616 0.00874 0.02543 0.01695 0.03391 0.03073 0.02358 0.08556 0.24821 0.00026 0.02119 0.00768 0.00742 0.01616 0.00530 0.00715 0.00185 0.00450 0.00000 0.13219 0.02119 0.00980 0.02623 0.01007 0.00609 0.00079 0.00132 0.00742 0.00053 0.01219 0.00768 0.00212 0.00159 0.00715 0.00424 0.01139 0.00371 0.00715 0.00000 0.08053 
4 40 0.09366 0.01084 0.00559 0.01413 0.00460 0.00526 0.00099 0.00033 0.00460 0.04436 0.00033 0.03713 0.03286 0.01742 0.04568 0.03845 0.04765 0.01939 0.02136 0.00000 0.02235 0.00197 0.00230 0.00592 0.00789 0.02859 0.03056 0.02596 0.06605 0.00033 0.22478 0.00887 0.00131 0.00394 0.00920 0.00296 0.00986 0.00361 0.00624 0.00000 0.09267 
4 40 0.01814 0.01760 0.01571 0.03574 0.03710 0.04360 0.02139 0.03656 0.04062 0.08421 0.00027 0.03304 0.02491 0.01571 0.04035 0.03412 0.03926 0.01787 0.02058 0.00000 0.06607 0.00135 0.00190 0.00596 0.00569 0.02058 0.02166 0.01652 0.04982 0.00027 0.14135 0.03304 0.01029 0.01462 0.01516 0.00271 0.00298 0.00027 0.00027 0.00000 0.01273 
4 40 0.05903 0.00691 0.00188 0.00534 0.00314 0.00628 0.00157 0.00188 0.00471 0.07378 0.00063 0.06311 0.04992 0.02637 0.06185 0.04301 0.04207 0.01695 0.01633 0.00000 0.16986 0.02669 0.02575 0.06656 0.03422 0.03516 0.00534 0.01099 0.01978 0.00000 0.02637 0.00691 0.00440 0.00345 0.00659 0.00408 0.00471 0.00251 0.00471 0.00000 0.05714 
4 40 0.00696 0.00027 0.00027 0.00107 0.00027 0.00214 0.00054 0.00054 0.00161 0.02411 0.00027 0.02063 0.01929 0.00991 0.03107 0.02491 0.03697 0.01634 0.01527 0.00027 0.06161 0.01607 0.01232 0.03081 0.03027 0.05224 0.03724 0.04340 0.07956 0.00000 0.15269 0.05331 0.04581 0.02893 0.04715 0.03375 0.03188 0.01580 0.00804 0.00027 0.00616 
4 40 0.04743 0.03729 0.02552 0.06640 0.03042 0.04154 0.03009 0.02388 0.07197 0.23160 0.00065 0.06281 0.01014 0.02192 0.01472 0.00131 0.00229 0.00098 0.00229 0.00000 0.03598 0.01505 0.01079 0.02781 0.02028 0.02290 0.01047 0.01407 0.02192 0.00033 0.03173 0.00262 0.00033 0.00065 0.00327 0.00065 0.00654 0.00065 0.00065 0.00033 0.04972 
4 40 0.09359 0.00060 0.00150 0.00120 0.00030 0.00181 0.00030 0.00060 0.00090 0.03671 0.00060 0.03431 0.02889 0.01384 0.04514 0.03972 0.06079 0.02347 0.03401 0.00000 0.11044 0.02107 0.01174 0.03310 0.03310 0.04935 0.02829 0.04213 0.06289 0.00030 0.08607 0.00782 0.00150 0.00211 0.00150 0.00000 0.00181 0.00211 0.00150 0.00000 0.08486 
4 40 0.04284 0.02899 0.02664 0.06586 0.03048 0.02749 0.00362 0.00618 0.01769 0.05136 0.00021 0.03026 0.01854 0.01236 0.03666 0.03197 0.05499 0.02110 0.03069 0.00000 0.03772 0.00213 0.00213 0.00618 0.00533 0.01854 0.01279 0.01130 0.03154 0.00000 0.21185 0.03602 0.00853 0.01428 0.01343 0.00085 0.00298 0.00043 0.00085 0.00000 0.04518 
4 40 0.00458 0.00864 0.01551 0.03660 0.04220 0.05694 0.03584 0.05491 0.06482 0.19827 0.00051 0.06558 0.02644 0.02898 0.04016 0.02161 0.01754 0.01042 0.00712 0.00000 0.01118 0.00102 0.00127 0.00381 0.00178 0.00712 0.00483 0.00076 0.01169 0.00025 0.10625 0.04499 0.01398 0.01779 0.01729 0.00635 0.00330 0.00153 0.00305 0.00000 0.00508 
4 40 0.10682 0.00489 0.00190 0.00489 0.01441 0.03099 0.03398 0.03588 0.07910 0.27426 0.00054 0.03642 0.00625 0.01114 0.01577 0.00924 0.02039 0.00870 0.01903 0.00000 0.15249 0.00109 0.00082 0.00516 0.00027 0.00408 0.00054 0.00082 0.00489 0.00000 0.00680 0.00163 0.00000 0.00082 0.00190 0.00000 0.00136 0.00054 0.00027 0.00000 0.10193 
4 40 0.11199 0.01360 0.00394 0.01646 0.00572 0.00644 0.00107 0.00143 0.00644 0.06655 0.00036 0.05081 0.02576 0.02039 0.04580 0.03041 0.03292 0.01753 0.01467 0.00000 0.02111 0.00072 0.00072 0.00250 0.00322 0.01646 0.02218 0.01574 0.04937 0.00036 0.23005 0.03148 0.00716 0.01109 0.01395 0.00250 0.00179 0.00179 0.00036 0.00000 0.09517 
4 40 0.07244 0.02254 0.00993 0.02790 0.02039 0.03864 0.03837 0.03086 0.09310 0.27046 0.00000 0.03032 0.01288 0.01207 0.02495 0.02307 0.04025 0.01368 0.02764 0.00000 0.06761 0.00080 0.00054 0.00456 0.00080 0.00563 0.00080 0.00054 0.00349 0.00027 0.01046 0.00590 0.00027 0.00080 0.00590 0.00054 0.00349 0.00107 0.00054 0.00000 0.07647 
4 40 0.07628 0.01914 0.00957 0.02871 0.02552 0.04350 0.04350 0.03973 0.08962 0.24043 0.00000 0.04176 0.01189 0.01769 0.01798 0.01218 0.02204 0.00609 0.01305 0.00000 0.11949 0.00087 0.00116 0.00145 0.00029 0.00580 0.00116 0.00029 0.00377 0.00029 0.00667 0.00522 0.00029 0.00058 0.00667 0.00058 0.00261 0.00058 0.00058 0.00000 0.08295 
4 40 0.08025 0.00102 0.00127 0.00255 0.00051 0.00255 0.00153 0.00025 0.00204 0.00408 0.00000 0.00382 0.00051 0.00102 0.00713 0.00076 0.00484 0.00102 0.00102 0.00025 0.03006 0.02548 0.01656 0.04127 0.03338 0.03822 0.01758 0.02930 0.04561 0.00102 0.20178 0.12433 0.03924 0.05045 0.05019 0.02191 0.01707 0.00688 0.01019 0.00000 0.08306 
4 40 0.03632 0.00374 0.00150 0.00487 0.00225 0.00562 0.00112 0.00075 0.00337 0.11868 0.00000 0.08798 0.05841 0.03931 0.08049 0.05429 0.05766 0.02546 0.02770 0.00000 0.21153 0.00449 0.00374 0.01535 0.00337 0.00899 0.00112 0.00075 0.00786 0.00075 0.02171 0.01498 0.00936 0.00861 0.01348 0.00749 0.01123 0.00749 0.00599 0.00000 0.03220 
4 40 0.06452 0.01950 0.01013 0.03526 0.01575 0.01613 0.00375 0.00675 0.01350 0.05851 0.00038 0.04651 0.03488 0.02326 0.04651 0.02963 0.04089 0.01838 0.01313 0.00000 0.05589 0.00338 0.00525 0.00675 0.00938 0.03638 0.03638 0.03001 0.08777 0.00000 0.14066 0.01350 0.00113 0.00413 0.00825 0.00038 0.00113 0.00075 0.00075 0.00000 0.06077 
4 40 0.10644 0.00260 0.00156 0.00415 0.00104 0.00208 0.00078 0.00052 0.00156 0.00831 0.00026 0.00597 0.00156 0.00182 0.00727 0.00753 0.01636 0.00519 0.01142 0.00000 0.17887 0.00286 0.00208 0.00649 0.00727 0.02181 0.02882 0.01817 0.06516 0.00000 0.29206 0.04387 0.00961 0.01947 0.01116 0.00182 0.00234 0.00078 0.00182 0.00000 0.09917 
4 45 0.06977 0.00915 0.00400 0.01344 0.00458 0.00486 0.00944 0.00772 0.00200 0.02602 0.00000 0.22591 0.01430 0.03088 0.02402 0.00772 0.01287 0.00829 0.01001 0.00315 0.00200 0.00629 0.02402 0.00543 0.01230 0.00286 0.03889 0.04661 0.04547 0.01315 0.05262 0.05204 0.00515 0.04547 0.00000 0.01029 0.00000 0.00114 0.01029 0.01430 0.01144 0.01945 0.01172 0.01916 0.00000 0.06177 
4 45 0.10459 0.00293 0.00326 0.00358 0.00163 0.00163 0.00424 0.00815 0.00163 0.01369 0.00000 0.14435 0.03291 0.04562 0.03063 0.02607 0.03389 0.02183 0.02770 0.00358 0.01369 0.00717 0.03649 0.01466 0.01890 0.00587 0.06517 0.04594 0.03747 0.01597 0.03747 0.03747 0.00358 0.03356 0.00033 0.00261 0.00000 0.00163 0.00261 0.00163 0.00196 0.00489 0.00163 0.00261 0.00000 0.09482 
4 45 0.10433 0.00886 0.00477 0.00750 0.00409 0.00477 0.00409 0.00136 0.00000 0.00341 0.00034 0.01432 0.00034 0.01057 0.00273 0.01057 0.00682 0.01500 0.03614 0.00784 0.00614 0.01671 0.10433 0.00955 0.00068 0.00273 0.01432 0.00716 0.01432 0.01159 0.02796 0.04364 0.02046 0.24923 0.00034 0.05796 0.01807 0.02591 0.02080 0.00205 0.00205 0.00409 0.00068 0.00068 0.00000 0.09069 
